1; 0
4; 0
2; 0
5; 0
3; 0
9; 0
8; 0
6; 0
10; 0
14; 0
7; 0
11; 0
12; 0
13; 0
17; 0
15; 0
16; 0
18; 0
19; 0
20; 0
21; 0
22; 0
23; 1
26; 0
25; 21
34; 7
38; 7
24; 27
39; 14
29; 22
27; 21
33; 27
37; 19
30; 20
40; 29
44; 39
41; 32
28; 48
35; 70
31; 45
46; 12
43; 11
36; 72
32; 76
45; 13
49; 11
42; 56
51; 0
50; 2
47; 9
48; 21
54; 2
53; 8
56; 6
52; 9
55; 1
58; 3
61; 2
67; 5
59; 12
62; 11
57; 7
63; 7
69; 1
64; 12
65; 5
66; 2
68; 0
60; 15
72; 1
73; 0
70; 4
75; 6
74; 6
71; 3
79; 0
77; 2
78; 0
76; 34
82; 12
85; 2
86; 3
83; 4
80; 13
90; 0
84; 9
93; 0
81; 9
89; 4
92; 2
91; 3
96; 1
88; 17
87; 10
98; 7
102; 15
95; 37
94; 13
106; 1
100; 15
97; 9
99; 13
103; 4
109; 12
108; 20
101; 23
107; 7
110; 4
104; 28
105; 19
117; 1
113; 8
115; 9
112; 7
111; 6
120; 0
114; 4
118; 0
121; 0
116; 1
123; 0
126; 0
119; 10
125; 1
124; 0
122; 0
129; 0
128; 0
132; 0
127; 0
130; 0
133; 2
140; 0
134; 3
137; 14
142; 10
131; 15
136; 3
135; 2
138; 2
139; 2
145; 0
141; 0
143; 0
144; 1
148; 3
149; 1
147; 1
146; 9
155; 2
150; 0
154; 0
151; 7
153; 10
160; 3
156; 4
152; 14
157; 9
159; 7
166; 7
158; 5
168; 4
164; 5
161; 2
162; 12
163; 1
169; 0
170; 3
165; 2
167; 13
173; 0
174; 0
172; 0
175; 0
171; 0
180; 0
177; 0
176; 1
179; 0
178; 0
182; 9
185; 7
181; 9
183; 14
186; 0
184; 0
188; 0
187; 2
192; 0
190; 0
195; 1
189; 0
191; 0
197; 0
193; 0
194; 0
196; 0
202; 10
210; 3
204; 12
200; 23
207; 26
201; 7
205; 18
198; 25
209; 11
211; 15
214; 0
206; 29
199; 23
203; 27
212; 3
208; 13
213; 0
217; 0
216; 3
218; 0
215; 2
221; 0
219; 0
222; 6
220; 0
225; 0
223; 2
226; 0
224; 0
230; 0
229; 0
227; 2
234; 2
228; 2
236; 7
232; 13
233; 3
238; 5
241; 0
231; 12
237; 12
245; 9
235; 27
239; 8
242; 16
246; 18
240; 43
243; 14
247; 13
248; 11
244; 22
256; 12
249; 34
259; 17
251; 37
254; 31
260; 30
262; 27
257; 21
258; 33
253; 39
261; 7
255; 47
250; 34
267; 1
252; 37
264; 13
265; 18
273; 4
263; 37
276; 2
271; 16
266; 16
269; 8
272; 10
270; 9
268; 2
275; 2
279; 0
274; 7
280; 0
278; 5
277; 7
284; 0
281; 1
285; 3
282; 0
283; 0
286; 0
293; 14
290; 0
289; 11
291; 6
287; 17
295; 1
288; 22
297; 2
296; 2
292; 2
294; 14
299; 0
303; 1
301; 0
298; 13
308; 0
300; 2
304; 5
302; 0
310; 3
305; 0
309; 0
311; 0
307; 0
306; 0
312; 0
314; 0
315; 0
313; 0
316; 0
318; 0
317; 2
321; 0
319; 0
325; 0
328; 0
320; 5
323; 5
324; 2
322; 2
331; 0
326; 11
340; 1
329; 21
337; 29
342; 13
335; 48
336; 29
333; 50
327; 64
341; 31
344; 8
345; 13
339; 13
346; 36
343; 51
349; 7
334; 69
332; 72
351; 6
338; 36
330; 44
354; 15
355; 6
347; 15
353; 16
350; 10
359; 0
348; 16
352; 35
360; 0
365; 14
361; 8
368; 21
362; 22
358; 32
356; 28
357; 35
370; 13
373; 14
379; 11
364; 42
380; 2
378; 14
367; 18
363; 41
372; 19
375; 7
374; 15
366; 35
376; 7
371; 24
369; 40
377; 13
382; 14
384; 16
381; 20
389; 9
385; 15
388; 3
390; 5
383; 16
387; 0
386; 8
394; 1
392; 12
391; 8
395; 9
393; 2
398; 0
397; 8
396; 3
404; 0
400; 5
401; 3
403; 0
405; 2
402; 0
399; 9
406; 14
408; 2
410; 8
407; 12
415; 1
412; 4
411; 4
414; 0
409; 13
417; 3
419; 0
416; 1
420; 0
413; 11
418; 2
422; 2
425; 1
423; 0
424; 1
428; 0
427; 0
421; 0
426; 0
432; 0
431; 2
436; 0
429; 3
433; 0
430; 1
435; 2
438; 0
440; 0
441; 0
437; 0
439; 0
434; 10
443; 0
448; 0
442; 0
447; 0
444; 0
446; 0
445; 0
451; 0
453; 0
450; 0
449; 0
452; 0
454; 2
458; 18
457; 1
456; 16
460; 14
455; 11
470; 4
471; 0
463; 27
462; 35
468; 14
459; 43
461; 49
469; 14
474; 7
476; 2
467; 40
464; 57
465; 31
472; 46
466; 46
484; 6
477; 36
473; 48
487; 14
478; 21
480; 30
475; 29
490; 43
496; 19
495; 10
485; 25
492; 7
479; 64
483; 55
482; 43
481; 62
489; 44
486; 54
501; 11
503; 9
502; 33
498; 33
499; 21
488; 81
493; 77
491; 39
497; 38
504; 14
500; 37
506; 28
505; 36
494; 73
507; 9
512; 0
517; 4
518; 2
515; 6
511; 10
514; 32
510; 15
508; 22
524; 8
525; 16
521; 13
529; 2
509; 68
513; 60
528; 4
538; 29
526; 84
537; 33
540; 63
520; 69
531; 110
547; 25
516; 139
554; 1
534; 92
544; 70
546; 77
545; 84
560; 2
556; 17
539; 160
519; 206
527; 187
523; 192
535; 151
530; 179
532; 169
565; 10
536; 201
533; 173
543; 143
522; 249
550; 117
559; 88
571; 53
558; 93
563; 80
551; 108
568; 45
548; 159
553; 138
562; 83
541; 235
557; 103
552; 153
576; 58
566; 75
542; 250
570; 55
581; 8
582; 2
555; 149
561; 119
584; 10
549; 265
567; 120
564; 117
578; 32
569; 116
579; 37
580; 19
577; 65
590; 12
592; 7
583; 32
586; 16
585; 9
575; 99
573; 105
589; 31
595; 12
572; 154
574; 102
593; 10
594; 17
587; 18
596; 13
591; 17
588; 22
597; 0
599; 0
598; 0
601; 0
604; 0
600; 0
602; 0
603; 0
606; 0
605; 0
609; 0
608; 1
611; 0
607; 0
612; 0
610; 0
615; 0
614; 0
613; 0
618; 0
619; 0
616; 0
621; 5
617; 10
624; 0
620; 5
622; 8
623; 1
626; 3
630; 1
625; 4
633; 0
628; 0
629; 4
627; 0
632; 4
631; 4
638; 0
634; 14
635; 10
637; 3
636; 6
639; 0
640; 1
644; 0
643; 0
641; 0
642; 0
646; 0
645; 0
648; 0
647; 0
651; 0
653; 0
652; 0
650; 0
655; 0
649; 0
656; 0
654; 0
660; 1
658; 0
657; 0
662; 0
659; 0
661; 0
664; 0
663; 0
665; 0
669; 5
666; 21
670; 1
674; 6
671; 30
681; 4
672; 35
667; 52
668; 38
680; 7
678; 41
673; 13
675; 32
676; 38
683; 6
677; 53
685; 1
679; 1
686; 4
682; 38
684; 32
693; 7
687; 2
691; 0
692; 17
690; 15
689; 16
699; 9
694; 5
688; 25
696; 2
698; 3
695; 0
700; 0
697; 20
706; 0
701; 2
708; 2
702; 4
703; 1
710; 19
709; 18
705; 11
704; 16
707; 14
712; 0
711; 0
716; 0
713; 0
714; 0
715; 0
717; 0
718; 0
720; 0
726; 24
719; 23
729; 31
721; 31
724; 25
725; 7
730; 28
731; 22
728; 14
727; 17
722; 39
732; 2
723; 39
735; 3
734; 0
733; 0
736; 0
740; 0
742; 1
737; 3
747; 13
738; 17
750; 2
745; 4
744; 16
743; 4
739; 9
741; 12
752; 0
746; 24
753; 0
755; 0
749; 2
748; 10
756; 0
754; 0
759; 0
751; 3
760; 0
765; 0
764; 0
761; 0
757; 0
766; 0
763; 3
769; 0
758; 2
762; 0
775; 0
767; 0
768; 5
770; 1
774; 11
771; 13
778; 6
773; 15
772; 13
781; 9
783; 2
780; 7
777; 1
776; 2
782; 21
779; 13
786; 4
784; 0
785; 9
791; 5
788; 28
795; 5
790; 26
787; 24
797; 5
793; 1
789; 30
796; 19
805; 26
808; 18
813; 3
800; 54
799; 57
798; 53
801; 62
814; 22
794; 86
806; 57
804; 33
802; 47
815; 29
792; 111
809; 50
820; 31
816; 41
807; 58
810; 60
818; 31
811; 65
822; 5
817; 27
819; 37
826; 15
835; 1
825; 33
803; 119
828; 4
812; 118
821; 73
823; 71
827; 45
829; 22
836; 25
831; 28
834; 25
838; 9
842; 0
832; 24
830; 28
833; 31
840; 8
843; 2
837; 17
824; 53
839; 22
845; 3
841; 2
850; 0
844; 7
846; 0
847; 10
848; 9
849; 0
854; 24
851; 27
859; 27
853; 28
852; 31
855; 6
858; 4
862; 7
860; 5
861; 26
857; 20
856; 14
863; 9
865; 0
864; 4
869; 0
874; 4
870; 16
875; 8
867; 28
872; 0
873; 35
868; 28
871; 31
866; 12
877; 2
876; 2
878; 0
881; 1
884; 2
880; 4
882; 5
879; 13
883; 3
886; 5
888; 0
887; 0
885; 3
890; 7
889; 13
891; 3
894; 8
893; 0
892; 13
895; 3
900; 0
901; 0
896; 13
903; 2
897; 8
910; 13
907; 45
917; 18
902; 19
908; 24
905; 26
919; 28
922; 32
916; 36
899; 89
913; 21
928; 15
929; 12
915; 67
904; 61
912; 60
918; 38
906; 59
909; 63
932; 16
924; 66
926; 41
933; 42
927; 68
914; 133
943; 21
935; 42
931; 118
920; 118
911; 150
925; 160
940; 105
950; 89
965; 32
960; 27
946; 75
898; 317
941; 115
934; 135
958; 35
936; 169
923; 272
942; 110
921; 223
962; 95
930; 222
944; 121
945; 149
972; 40
947; 177
964; 78
974; 27
963; 91
938; 161
970; 53
961; 151
937; 236
959; 142
975; 35
953; 199
949; 181
966; 103
939; 282
955; 159
948; 202
952; 237
957; 192
954; 203
990; 3
951; 262
989; 14
967; 132
968; 105
956; 212
983; 67
977; 70
981; 56
969; 145
973; 122
982; 62
976; 80
985; 28
991; 14
971; 133
979; 104
988; 52
993; 19
978; 125
992; 34
987; 63
980; 83
984; 66
986; 66
997; 0
994; 1
999; 0
998; 0
996; 0
1000; 0
995; 0
3; 0
4; 0
6; 0
1; 0
5; 0
2; 0
7; 0
12; 4
14; 20
10; 8
9; 7
16; 18
11; 10
8; 21
20; 0
13; 8
18; 0
17; 4
15; 16
19; 0
22; 0
23; 0
21; 0
25; 0
29; 0
24; 0
26; 0
32; 0
27; 0
28; 0
30; 0
33; 8
35; 0
41; 0
37; 2
34; 12
44; 10
31; 10
39; 15
36; 14
42; 0
40; 5
38; 0
43; 3
45; 0
49; 0
46; 0
48; 0
47; 0
50; 0
55; 0
51; 1
52; 2
53; 2
58; 2
57; 0
54; 0
56; 2
60; 2
65; 14
62; 0
59; 10
61; 13
70; 1
69; 0
72; 2
68; 3
66; 16
63; 19
67; 23
64; 23
73; 5
79; 24
71; 16
74; 6
80; 0
78; 1
76; 12
75; 8
87; 0
77; 15
89; 0
82; 10
91; 7
85; 29
81; 22
83; 24
90; 20
86; 11
88; 17
84; 25
93; 8
94; 1
96; 0
92; 23
95; 0
103; 2
97; 1
100; 7
106; 2
104; 14
98; 9
102; 4
101; 4
99; 0
105; 3
114; 4
113; 9
117; 0
111; 0
108; 3
107; 13
110; 14
115; 5
109; 7
116; 1
112; 0
118; 0
119; 0
123; 0
120; 1
122; 0
121; 5
126; 0
125; 0
128; 0
124; 0
127; 0
130; 0
131; 0
129; 0
133; 2
140; 10
138; 6
134; 13
135; 34
147; 33
146; 30
137; 41
142; 53
160; 9
136; 97
150; 50
151; 65
145; 69
143; 89
141; 124
158; 43
139; 146
163; 89
154; 122
155; 77
149; 109
132; 161
169; 61
148; 92
165; 76
157; 127
164; 87
153; 119
172; 51
152; 100
166; 90
159; 112
170; 52
171; 38
168; 105
144; 178
180; 9
156; 143
175; 26
173; 49
176; 41
161; 152
167; 89
178; 17
174; 29
184; 1
162; 124
185; 3
179; 16
177; 31
186; 8
183; 1
192; 8
182; 14
188; 16
187; 10
181; 26
194; 10
190; 4
195; 7
191; 31
199; 12
201; 21
206; 12
198; 60
205; 41
189; 83
197; 22
193; 80
204; 25
210; 13
213; 22
200; 66
208; 55
214; 20
212; 22
202; 76
207; 20
196; 87
211; 29
203; 47
215; 9
209; 50
216; 18
223; 21
221; 23
217; 8
225; 0
220; 8
222; 2
218; 2
219; 5
224; 9
229; 0
226; 0
227; 18
232; 62
233; 76
238; 24
241; 34
228; 76
244; 30
230; 72
231; 75
235; 95
252; 23
236; 82
243; 75
254; 15
250; 45
242; 59
245; 62
247; 56
239; 107
251; 45
255; 13
249; 73
234; 103
240; 91
237; 102
248; 63
257; 0
261; 2
256; 5
246; 97
259; 1
260; 0
253; 23
258; 1
262; 0
264; 0
263; 0
265; 3
268; 1
266; 1
272; 0
271; 3
270; 1
269; 0
273; 0
267; 10
281; 11
275; 14
282; 14
280; 16
274; 17
289; 0
276; 8
279; 26
284; 8
277; 9
278; 29
286; 5
283; 14
287; 3
290; 4
288; 3
299; 3
285; 7
294; 10
293; 10
291; 17
292; 20
300; 1
296; 3
304; 2
307; 4
295; 26
298; 25
302; 17
297; 13
310; 2
305; 22
306; 13
301; 25
303; 4
309; 10
308; 26
311; 0
315; 2
316; 0
313; 0
314; 0
317; 3
320; 1
321; 6
312; 7
319; 8
322; 22
324; 16
336; 3
335; 14
332; 15
334; 31
325; 38
329; 33
318; 61
328; 22
342; 20
338; 37
337; 46
323; 82
340; 9
330; 34
331; 46
327; 48
326; 74
343; 20
346; 1
344; 8
349; 0
339; 13
341; 38
333; 47
345; 1
348; 1
347; 0
353; 2
359; 10
351; 7
354; 23
352; 11
350; 15
358; 17
356; 22
355; 23
361; 10
362; 44
375; 20
357; 65
384; 1
373; 15
367; 62
389; 17
392; 6
380; 41
360; 123
365; 135
372; 87
382; 64
386; 90
371; 141
394; 33
368; 142
377; 128
410; 36
364; 231
370; 220
400; 89
396; 106
363; 227
376; 168
374; 199
405; 51
404; 96
402; 115
413; 73
419; 25
381; 180
411; 114
369; 268
391; 151
408; 117
424; 0
378; 200
416; 67
412; 68
409; 117
414; 51
395; 223
388; 185
403; 147
399; 214
398; 179
390; 230
379; 236
397; 221
366; 273
383; 207
417; 104
393; 133
401; 203
422; 12
421; 18
420; 37
385; 215
415; 106
423; 21
427; 1
425; 2
433; 2
430; 4
406; 137
418; 102
407; 88
387; 195
428; 0
438; 0
431; 7
434; 0
436; 10
437; 3
429; 23
426; 33
432; 17
435; 26
446; 2
439; 23
441; 20
451; 10
445; 6
442; 17
448; 7
449; 7
444; 20
443; 13
440; 30
453; 0
452; 3
450; 18
458; 5
447; 23
460; 3
459; 10
454; 4
455; 3
456; 2
457; 10
461; 2
462; 0
463; 4
470; 9
471; 11
468; 9
464; 25
466; 13
465; 25
474; 38
472; 42
467; 17
477; 11
480; 9
475; 19
479; 8
473; 32
485; 15
484; 13
483; 30
486; 9
492; 9
482; 22
476; 38
494; 6
495; 10
490; 8
478; 60
488; 13
496; 8
491; 3
481; 35
469; 77
493; 21
489; 1
497; 5
487; 5
500; 23
506; 2
498; 3
501; 25
504; 11
505; 32
499; 24
507; 12
511; 11
503; 24
502; 15
509; 11
512; 8
510; 17
513; 14
514; 4
515; 20
508; 43
519; 18
518; 15
516; 26
525; 5
522; 29
527; 15
523; 36
517; 70
520; 73
521; 75
526; 61
529; 33
533; 39
530; 28
540; 9
539; 17
537; 28
532; 66
531; 32
538; 18
536; 24
534; 33
535; 33
528; 107
543; 1
542; 41
555; 2
548; 48
545; 71
524; 172
552; 33
541; 74
551; 46
546; 85
550; 42
562; 10
556; 44
560; 17
544; 89
563; 37
547; 96
557; 61
564; 19
549; 89
559; 31
561; 19
553; 76
554; 70
565; 7
566; 18
567; 22
569; 10
572; 0
558; 53
571; 4
568; 17
575; 2
574; 6
577; 2
570; 7
578; 1
573; 2
576; 1
583; 5
588; 15
579; 39
582; 35
589; 23
591; 18
592; 8
584; 40
590; 44
580; 102
594; 24
586; 47
597; 16
595; 27
593; 39
581; 71
598; 2
599; 5
601; 3
587; 103
600; 18
585; 78
605; 5
607; 0
596; 28
602; 5
606; 2
603; 5
609; 4
608; 0
604; 3
610; 0
611; 0
612; 0
619; 4
617; 0
616; 1
615; 0
613; 4
614; 1
618; 1
620; 0
621; 4
623; 1
627; 5
624; 10
630; 11
625; 2
622; 17
626; 0
628; 5
629; 8
631; 0
632; 2
633; 2
638; 2
637; 1
635; 0
636; 0
634; 1
639; 8
642; 0
641; 12
646; 8
640; 5
645; 13
650; 16
649; 9
654; 0
647; 15
656; 3
651; 9
653; 5
644; 10
643; 16
657; 0
659; 0
648; 13
652; 6
655; 0
660; 0
658; 0
662; 4
661; 5
666; 7
665; 16
664; 24
663; 21
668; 8
670; 4
671; 9
679; 4
675; 1
673; 21
667; 40
669; 3
678; 11
676; 6
674; 9
672; 20
677; 1
685; 10
697; 6
687; 33
680; 62
701; 8
693; 3
683; 53
689; 30
694; 72
682; 80
707; 28
686; 106
690; 68
704; 48
688; 71
705; 41
710; 9
702; 67
698; 115
681; 147
708; 82
696; 113
691; 116
684; 156
706; 113
703; 128
713; 68
717; 54
699; 117
709; 105
715; 83
695; 202
716; 67
712; 84
714; 78
700; 152
721; 29
722; 69
720; 58
718; 71
692; 219
724; 16
729; 16
728; 43
711; 134
723; 27
726; 34
725; 52
737; 2
733; 13
732; 10
719; 100
730; 21
735; 5
739; 22
734; 6
736; 11
738; 7
749; 0
741; 3
727; 84
746; 2
740; 7
743; 10
745; 5
742; 20
731; 13
748; 8
752; 8
747; 2
744; 9
750; 4
753; 18
751; 16
755; 2
759; 18
758; 32
766; 4
763; 6
754; 33
756; 17
760; 19
762; 11
757; 5
765; 5
764; 2
761; 27
768; 0
767; 5
769; 0
770; 1
771; 2
774; 5
772; 0
775; 0
773; 8
776; 6
781; 2
782; 8
778; 29
780; 21
777; 13
783; 10
793; 6
785; 33
784; 30
788; 52
792; 47
789; 48
807; 13
794; 57
800; 34
804; 30
779; 166
791; 121
802; 80
805; 34
796; 65
798; 65
797; 58
806; 43
795; 69
790; 153
811; 0
813; 2
810; 30
799; 94
786; 138
787; 134
801; 68
808; 53
814; 1
812; 12
809; 39
803; 90
818; 0
815; 13
822; 0
821; 0
817; 3
816; 11
820; 0
824; 0
819; 6
827; 0
823; 2
826; 0
828; 0
829; 0
825; 1
831; 0
830; 0
833; 0
845; 21
839; 4
837; 12
834; 33
838; 35
841; 13
850; 19
835; 51
842; 28
832; 84
852; 16
840; 54
848; 91
836; 57
856; 18
843; 109
853; 38
844; 47
849; 77
846; 63
851; 23
847; 73
854; 19
855; 10
858; 6
864; 0
857; 13
862; 11
861; 5
859; 2
865; 0
863; 3
867; 0
860; 10
871; 6
869; 2
866; 6
868; 2
873; 11
870; 2
874; 10
876; 0
877; 0
872; 3
875; 0
878; 0
881; 1
880; 0
885; 0
879; 0
883; 0
886; 0
882; 0
884; 2
891; 7
890; 5
889; 4
894; 0
892; 18
888; 14
887; 17
901; 17
897; 11
896; 3
899; 12
900; 2
898; 7
902; 1
903; 6
908; 1
895; 15
893; 19
904; 0
911; 0
905; 0
907; 0
912; 0
910; 0
906; 4
909; 6
914; 0
921; 5
918; 25
922; 34
916; 12
920; 40
923; 12
925; 37
926; 15
919; 26
913; 25
924; 25
917; 32
915; 41
927; 19
929; 10
930; 31
933; 0
928; 14
938; 0
939; 0
932; 16
931; 7
940; 2
942; 0
937; 2
935; 13
934; 10
936; 8
941; 0
945; 0
943; 0
951; 0
952; 0
947; 0
944; 1
949; 1
948; 4
953; 20
950; 29
960; 24
954; 16
955; 29
962; 35
971; 6
946; 80
967; 14
958; 58
978; 1
966; 74
963; 61
961; 60
956; 87
959; 135
957; 96
965; 103
973; 51
970; 45
974; 17
968; 52
981; 1
969; 57
964; 84
979; 70
980; 12
977; 76
991; 36
983; 58
984; 67
988; 52
975; 80
992; 12
982; 58
972; 142
987; 67
985; 71
994; 72
997; 17
993; 50
999; 7
976; 130
995; 82
989; 71
990; 108
986; 107
998; 83
1000; 90
996; 105
1; 0
2; 0
3; 0
4; 0
8; 20
7; 27
12; 7
9; 14
15; 18
5; 15
6; 50
14; 29
18; 6
16; 32
10; 31
19; 9
17; 29
26; 8
21; 17
13; 74
11; 59
28; 1
25; 13
23; 23
20; 45
30; 8
27; 13
29; 10
24; 17
32; 0
22; 9
31; 0
33; 0
34; 0
36; 1
35; 0
42; 0
38; 21
41; 19
37; 18
39; 16
40; 20
45; 7
54; 7
57; 17
43; 31
61; 29
46; 43
47; 60
66; 19
51; 76
44; 107
59; 37
65; 24
63; 40
49; 59
64; 18
58; 42
48; 96
52; 70
55; 87
50; 57
60; 57
53; 78
74; 16
56; 103
69; 31
67; 52
76; 18
77; 21
70; 32
79; 20
72; 12
75; 29
71; 37
68; 54
82; 8
78; 36
84; 3
81; 5
73; 29
62; 91
80; 17
83; 14
86; 0
85; 2
89; 0
88; 0
87; 0
90; 1
93; 0
91; 5
92; 0
95; 0
96; 0
94; 0
97; 0
98; 0
100; 0
101; 0
99; 0
103; 0
102; 0
105; 0
107; 0
104; 0
109; 0
108; 0
106; 0
110; 0
112; 0
113; 3
111; 8
118; 13
117; 6
120; 7
116; 0
121; 3
114; 5
122; 1
115; 4
119; 0
123; 1
124; 0
129; 5
128; 0
126; 2
131; 8
132; 7
127; 10
134; 33
144; 10
135; 32
140; 35
138; 37
130; 57
137; 26
143; 18
125; 58
136; 39
139; 24
133; 32
141; 7
145; 0
146; 0
142; 29
148; 0
147; 0
149; 1
150; 0
152; 8
156; 0
154; 6
153; 1
151; 0
157; 0
155; 0
158; 0
159; 0
166; 11
170; 14
161; 34
175; 8
160; 40
172; 18
165; 34
162; 35
164; 27
167; 45
180; 1
173; 31
171; 51
179; 43
163; 72
169; 79
176; 56
178; 73
168; 84
181; 72
188; 49
192; 31
177; 89
193; 17
190; 38
183; 53
191; 45
182; 56
184; 39
185; 61
174; 99
187; 36
189; 61
195; 35
194; 37
196; 5
198; 5
186; 103
197; 30
203; 34
204; 19
212; 4
206; 18
199; 42
214; 13
200; 62
205; 51
209; 47
202; 77
201; 137
217; 72
210; 47
211; 76
213; 59
224; 23
208; 85
207; 54
226; 49
227; 34
222; 73
215; 77
228; 40
218; 92
236; 4
220; 77
216; 118
221; 89
234; 33
223; 79
231; 34
233; 33
219; 106
225; 58
229; 21
230; 15
232; 23
235; 10
239; 0
240; 0
238; 0
241; 0
237; 0
244; 0
245; 15
252; 4
251; 14
246; 13
249; 0
242; 17
243; 10
253; 4
256; 2
247; 14
250; 9
248; 3
257; 1
254; 0
255; 0
258; 0
260; 0
259; 0
263; 0
261; 0
262; 0
266; 0
265; 0
267; 0
264; 5
278; 2
268; 11
272; 17
270; 7
271; 18
274; 13
275; 39
277; 35
273; 41
285; 20
290; 10
276; 36
269; 84
282; 35
281; 43
286; 29
283; 25
280; 58
289; 1
279; 62
287; 11
284; 50
298; 5
292; 5
291; 25
288; 33
293; 4
295; 15
299; 3
294; 1
296; 1
297; 13
300; 0
301; 0
304; 0
303; 0
302; 0
305; 7
308; 8
312; 2
309; 3
310; 1
316; 0
307; 12
318; 20
311; 18
315; 0
324; 5
306; 38
313; 48
323; 8
322; 5
326; 4
321; 11
314; 43
320; 42
319; 11
317; 42
329; 2
325; 3
333; 5
327; 2
328; 10
330; 2
335; 1
331; 0
337; 0
336; 0
339; 4
332; 9
334; 11
340; 8
344; 8
338; 17
345; 1
341; 3
342; 9
346; 0
351; 0
343; 4
354; 1
347; 0
352; 3
348; 1
349; 2
350; 0
353; 2
356; 0
355; 1
357; 2
359; 2
360; 2
361; 0
363; 5
364; 0
358; 7
362; 7
366; 0
365; 0
367; 0
368; 0
369; 13
375; 6
370; 1
372; 0
373; 2
371; 5
374; 5
378; 1
377; 2
379; 5
382; 0
389; 1
376; 21
380; 12
385; 15
381; 14
384; 5
383; 19
386; 18
388; 4
390; 4
391; 2
396; 0
392; 14
393; 0
387; 22
395; 0
394; 1
401; 0
397; 0
398; 2
399; 4
407; 0
402; 0
406; 0
403; 0
400; 1
404; 0
405; 5
410; 4
408; 0
409; 0
412; 4
415; 2
416; 0
414; 1
411; 1
413; 0
421; 0
417; 0
420; 0
418; 0
419; 0
422; 0
427; 0
426; 0
424; 0
425; 0
423; 0
430; 0
429; 1
428; 0
432; 7
433; 1
431; 5
435; 22
441; 7
442; 7
436; 10
434; 9
439; 0
438; 8
437; 13
443; 0
444; 0
440; 0
446; 0
445; 0
447; 0
448; 2
449; 1
455; 6
450; 6
452; 20
456; 7
454; 26
451; 27
457; 5
453; 10
459; 12
464; 2
461; 10
466; 2
460; 29
467; 0
469; 0
462; 12
465; 1
458; 35
463; 0
468; 0
470; 1
471; 2
472; 0
475; 6
473; 2
474; 3
478; 8
476; 7
481; 0
479; 0
484; 6
480; 4
477; 9
483; 0
482; 0
485; 4
486; 3
490; 0
487; 6
489; 0
488; 1
492; 0
491; 0
497; 8
495; 0
496; 0
494; 0
493; 0
498; 0
501; 1
499; 0
503; 0
504; 0
500; 0
502; 3
510; 4
507; 6
505; 5
511; 36
509; 56
506; 45
523; 17
520; 66
519; 42
521; 44
512; 60
516; 80
526; 29
524; 25
532; 3
518; 64
533; 6
515; 108
517; 88
527; 31
525; 24
514; 73
529; 25
522; 72
508; 134
513; 89
534; 8
535; 3
530; 16
528; 21
536; 0
539; 0
540; 0
531; 33
538; 0
537; 0
544; 5
548; 4
547; 2
543; 9
542; 1
546; 3
541; 4
545; 0
549; 0
552; 0
554; 0
550; 0
551; 0
553; 0
556; 0
557; 2
560; 4
561; 2
558; 0
559; 0
555; 1
562; 2
563; 0
565; 0
564; 0
566; 0
567; 0
569; 0
568; 0
571; 0
570; 0
573; 0
572; 13
576; 27
579; 8
584; 4
583; 14
575; 3
582; 13
580; 9
578; 4
574; 28
577; 1
589; 1
585; 6
586; 5
581; 13
591; 11
595; 8
588; 24
592; 12
594; 26
593; 6
596; 0
597; 18
599; 3
601; 18
590; 24
602; 17
587; 17
598; 4
603; 11
609; 4
606; 9
600; 52
605; 20
610; 40
604; 17
612; 20
607; 24
614; 22
618; 2
611; 18
619; 4
617; 4
615; 10
613; 16
608; 19
622; 0
624; 2
620; 0
621; 0
629; 1
616; 23
630; 16
633; 6
631; 17
623; 22
632; 14
634; 4
627; 19
640; 18
646; 8
628; 29
635; 17
639; 49
642; 27
652; 21
641; 38
626; 56
654; 19
638; 35
644; 74
625; 101
636; 133
653; 34
657; 34
649; 62
637; 82
648; 50
650; 72
643; 90
655; 83
660; 36
672; 1
656; 73
659; 55
661; 51
665; 19
663; 43
669; 17
666; 34
645; 175
671; 21
664; 103
668; 29
658; 79
651; 82
667; 25
662; 84
647; 148
677; 7
679; 0
674; 11
670; 65
680; 0
673; 24
684; 1
681; 11
682; 0
678; 1
675; 24
683; 6
676; 3
685; 0
686; 1
687; 3
691; 4
700; 4
696; 11
692; 7
695; 7
698; 9
690; 13
697; 12
699; 9
704; 0
688; 22
703; 0
689; 24
693; 11
706; 0
694; 7
705; 5
701; 20
709; 9
710; 10
702; 19
707; 25
714; 14
708; 23
713; 4
712; 25
711; 16
725; 9
721; 14
720; 39
726; 11
715; 27
716; 43
718; 39
724; 31
732; 7
727; 20
733; 0
722; 22
728; 23
717; 38
729; 9
723; 30
731; 6
719; 29
730; 12
734; 0
739; 0
740; 1
737; 1
738; 2
736; 0
745; 4
735; 1
746; 3
742; 0
743; 10
741; 0
748; 0
747; 0
751; 0
744; 1
754; 0
755; 2
756; 0
749; 0
753; 0
750; 2
752; 2
757; 0
761; 3
758; 5
759; 13
760; 0
762; 5
763; 3
768; 9
764; 5
769; 2
765; 1
766; 0
770; 2
771; 0
767; 7
772; 2
773; 0
774; 0
776; 0
775; 0
777; 0
780; 0
779; 0
787; 0
778; 7
785; 4
781; 6
792; 18
791; 10
782; 71
783; 82
801; 31
796; 36
786; 73
790; 57
794; 71
804; 24
800; 65
789; 81
807; 32
808; 45
799; 60
784; 96
798; 44
809; 19
803; 21
793; 106
810; 9
788; 122
812; 8
811; 27
797; 108
795; 105
806; 55
815; 23
805; 81
802; 106
816; 32
817; 18
818; 13
813; 35
814; 34
823; 0
819; 0
821; 0
822; 4
820; 0
827; 0
824; 0
825; 0
826; 0
829; 0
828; 0
831; 0
835; 0
832; 0
830; 0
837; 0
833; 1
834; 0
840; 12
842; 0
838; 11
836; 17
846; 6
844; 11
845; 9
839; 0
841; 2
843; 2
847; 4
849; 0
848; 0
850; 0
851; 0
854; 0
852; 0
856; 0
855; 0
857; 0
858; 0
853; 0
859; 0
862; 0
860; 0
865; 0
863; 0
864; 0
861; 0
866; 0
870; 7
869; 1
868; 0
867; 0
871; 0
874; 0
879; 4
875; 10
872; 10
873; 6
882; 11
881; 13
880; 2
885; 2
877; 10
878; 3
884; 2
876; 16
883; 4
888; 1
892; 4
890; 3
887; 9
894; 15
886; 3
893; 7
889; 3
896; 1
891; 3
906; 1
897; 15
902; 4
895; 24
909; 30
898; 10
904; 73
899; 52
915; 47
917; 51
907; 77
901; 93
912; 96
903; 73
910; 69
900; 95
928; 31
919; 62
921; 83
922; 89
911; 94
905; 150
936; 17
908; 119
930; 43
925; 93
913; 137
934; 36
916; 126
920; 115
926; 52
918; 104
924; 107
929; 48
933; 17
932; 35
931; 55
923; 134
939; 1
938; 6
914; 135
942; 0
927; 50
937; 21
940; 3
944; 0
946; 2
943; 0
935; 57
945; 0
941; 0
947; 1
950; 0
948; 0
956; 0
954; 1
949; 4
953; 13
952; 16
961; 1
955; 26
958; 11
951; 19
959; 8
962; 2
957; 21
960; 12
963; 7
968; 1
973; 1
967; 0
964; 16
965; 13
966; 13
969; 11
971; 2
970; 22
972; 14
975; 9
978; 3
974; 20
976; 17
977; 15
982; 0
980; 0
981; 7
987; 13
989; 8
984; 4
979; 21
991; 6
988; 20
985; 5
997; 3
993; 15
994; 19
983; 12
996; 10
990; 26
992; 22
986; 29
1000; 10
995; 1
998; 9
999; 5
1; 0
2; 0
3; 8
4; 4
12; 1
6; 9
5; 2
8; 1
11; 6
7; 2
9; 6
10; 11
13; 0
14; 0
16; 0
17; 0
18; 0
15; 0
20; 7
23; 0
19; 0
25; 5
21; 3
30; 3
27; 2
22; 10
24; 21
32; 9
35; 0
26; 4
33; 5
38; 3
31; 4
40; 9
34; 10
39; 22
43; 0
28; 38
36; 11
29; 32
37; 6
42; 0
45; 0
44; 4
46; 0
41; 0
52; 0
51; 0
47; 3
50; 7
54; 0
56; 0
55; 7
48; 6
57; 6
58; 2
60; 0
53; 10
63; 10
49; 12
61; 0
64; 1
68; 0
66; 5
70; 1
62; 6
59; 1
65; 22
69; 0
72; 3
67; 10
71; 8
73; 29
76; 28
79; 33
75; 38
74; 41
81; 23
84; 25
80; 20
82; 52
78; 44
77; 24
83; 22
86; 11
85; 6
87; 11
92; 6
91; 5
90; 17
98; 14
88; 25
96; 14
105; 3
100; 9
94; 22
101; 1
113; 2
107; 9
108; 8
102; 17
106; 34
103; 7
95; 27
89; 21
115; 4
109; 16
111; 12
97; 11
99; 14
114; 9
110; 1
117; 2
93; 33
116; 0
112; 5
118; 2
104; 14
119; 0
120; 0
121; 0
126; 24
134; 1
125; 31
128; 24
133; 28
136; 10
135; 36
129; 17
123; 38
124; 28
140; 0
138; 1
127; 29
131; 35
137; 8
122; 30
142; 5
132; 52
141; 0
143; 20
146; 4
145; 8
130; 61
139; 3
151; 0
144; 9
150; 0
147; 0
152; 0
149; 0
148; 0
153; 0
154; 0
155; 1
156; 14
158; 5
159; 11
157; 27
161; 31
160; 44
162; 26
167; 20
168; 16
164; 8
165; 49
166; 8
169; 18
163; 19
170; 5
174; 0
175; 0
177; 0
171; 15
172; 22
173; 19
180; 16
181; 35
179; 27
182; 43
178; 50
201; 8
198; 30
183; 52
194; 61
186; 113
199; 46
193; 69
210; 13
184; 100
191; 102
192; 120
207; 42
209; 66
211; 67
188; 133
195; 82
220; 17
190; 164
216; 21
203; 86
217; 44
197; 119
214; 52
208; 93
189; 176
200; 150
213; 63
204; 149
196; 125
185; 203
202; 145
219; 48
212; 92
218; 76
205; 106
187; 165
225; 0
176; 222
226; 2
215; 81
221; 3
223; 0
224; 0
206; 122
222; 6
227; 1
231; 1
230; 0
229; 0
228; 0
236; 1
237; 13
233; 5
232; 3
234; 14
238; 5
241; 4
235; 18
239; 13
240; 19
244; 8
242; 16
248; 2
246; 8
245; 11
243; 9
247; 4
249; 0
252; 0
253; 3
256; 17
251; 5
250; 6
259; 9
260; 11
254; 0
257; 11
263; 0
262; 6
255; 5
261; 4
258; 7
264; 0
265; 0
266; 0
268; 0
269; 0
267; 3
274; 4
275; 1
279; 13
271; 11
272; 4
277; 7
278; 30
273; 7
281; 3
283; 7
285; 11
270; 30
276; 24
293; 6
280; 51
282; 30
286; 12
291; 4
289; 27
292; 7
287; 30
288; 41
296; 2
284; 35
295; 18
294; 16
290; 12
299; 0
302; 1
297; 15
301; 11
303; 2
298; 11
308; 24
307; 22
300; 23
305; 31
313; 8
304; 21
306; 28
316; 8
310; 23
318; 14
317; 11
312; 18
309; 48
322; 11
311; 27
320; 6
315; 15
321; 15
319; 9
314; 24
323; 0
326; 0
325; 0
324; 2
328; 0
330; 17
345; 18
333; 50
336; 71
329; 66
331; 47
351; 13
350; 29
339; 91
361; 10
360; 13
332; 72
343; 54
327; 127
352; 52
337; 93
349; 75
354; 59
362; 43
353; 51
344; 113
346; 96
348; 82
347; 131
334; 124
335; 148
342; 111
341; 144
340; 159
367; 64
372; 37
364; 121
363; 138
370; 110
357; 157
381; 28
338; 215
366; 155
356; 163
368; 121
386; 19
359; 152
365; 147
355; 182
379; 44
371; 108
388; 1
373; 105
387; 15
377; 109
358; 217
389; 23
376; 125
383; 53
374; 128
378; 122
397; 23
369; 201
385; 50
375; 121
382; 91
398; 37
394; 55
380; 124
393; 69
399; 54
396; 77
409; 75
390; 135
403; 68
413; 61
391; 155
418; 38
428; 7
401; 148
384; 227
411; 68
406; 112
395; 170
405; 140
392; 169
400; 171
412; 148
421; 72
407; 151
436; 6
429; 40
434; 11
419; 127
422; 57
420; 118
430; 28
404; 209
417; 117
410; 145
423; 89
414; 130
415; 115
433; 12
438; 2
424; 78
427; 58
416; 120
408; 172
435; 45
426; 81
425; 105
431; 32
402; 184
432; 51
441; 19
446; 12
442; 26
437; 32
440; 14
439; 34
443; 6
444; 16
449; 2
445; 38
447; 3
448; 4
451; 0
452; 5
453; 0
459; 0
450; 6
454; 11
461; 9
456; 2
462; 0
457; 4
455; 1
463; 0
465; 0
458; 0
460; 12
467; 2
464; 0
466; 0
471; 2
468; 2
472; 7
470; 6
473; 6
469; 13
476; 0
474; 13
475; 15
477; 4
480; 0
479; 7
478; 1
484; 0
481; 17
489; 9
482; 41
500; 17
495; 27
491; 47
498; 39
496; 45
483; 66
486; 49
487; 43
502; 38
492; 64
490; 29
488; 66
493; 32
499; 12
497; 39
501; 22
485; 101
505; 34
494; 89
503; 38
509; 13
507; 30
506; 80
508; 16
504; 39
510; 37
513; 7
519; 1
512; 0
515; 0
517; 7
522; 0
511; 30
514; 4
516; 17
520; 1
518; 15
530; 5
524; 5
525; 0
523; 6
528; 16
521; 20
527; 2
526; 8
534; 1
532; 2
533; 7
529; 8
536; 0
531; 0
535; 2
540; 0
539; 0
538; 0
537; 0
542; 0
544; 0
545; 0
541; 0
546; 0
551; 0
543; 0
550; 1
548; 23
561; 5
552; 20
547; 27
562; 12
558; 39
549; 32
555; 33
559; 33
553; 18
556; 11
557; 4
564; 0
560; 35
565; 4
568; 28
566; 12
573; 10
569; 21
570; 6
563; 41
554; 65
567; 49
571; 9
582; 0
572; 29
579; 12
583; 1
574; 23
578; 19
584; 3
587; 47
581; 50
580; 67
575; 48
600; 27
576; 97
595; 18
611; 2
601; 42
606; 37
599; 47
577; 101
614; 16
596; 95
585; 151
613; 30
589; 134
592; 93
603; 100
608; 48
597; 105
598; 107
617; 87
605; 117
602; 150
588; 197
586; 158
631; 28
629; 58
607; 102
612; 123
634; 44
591; 148
610; 115
635; 59
621; 89
641; 6
630; 69
625; 94
623; 113
616; 137
628; 129
620; 155
626; 114
639; 61
640; 43
624; 120
590; 284
646; 28
594; 273
652; 11
593; 271
637; 96
647; 4
619; 189
618; 200
636; 95
622; 203
645; 68
604; 267
648; 27
615; 204
609; 226
653; 34
650; 39
649; 39
633; 154
632; 207
644; 96
638; 153
661; 11
662; 1
627; 216
656; 54
651; 82
642; 154
655; 49
643; 136
665; 9
657; 44
658; 22
663; 24
669; 0
664; 16
671; 6
660; 40
668; 5
654; 64
659; 31
666; 6
667; 4
673; 0
674; 0
672; 4
678; 6
670; 9
681; 1
676; 0
683; 0
677; 1
682; 1
675; 0
687; 0
680; 4
679; 0
685; 0
686; 2
684; 0
688; 0
693; 0
689; 0
692; 0
690; 1
691; 0
694; 0
695; 0
697; 7
698; 2
696; 2
705; 2
701; 21
709; 5
704; 36
703; 22
710; 27
717; 2
700; 60
713; 33
715; 28
706; 57
723; 27
726; 25
712; 70
699; 97
702; 107
721; 62
728; 20
718; 51
711; 69
732; 13
719; 62
708; 90
736; 6
714; 74
733; 30
734; 30
720; 86
716; 102
707; 138
725; 47
739; 12
727; 63
731; 72
737; 31
730; 34
724; 76
738; 37
742; 0
735; 12
741; 8
729; 68
722; 78
740; 15
743; 7
746; 25
744; 49
751; 55
757; 37
745; 39
747; 49
750; 29
749; 56
768; 15
755; 46
752; 49
760; 35
762; 21
761; 43
766; 37
754; 95
769; 28
748; 58
753; 95
759; 56
758; 44
764; 33
772; 15
756; 93
763; 37
775; 0
771; 17
765; 61
767; 37
773; 29
779; 0
776; 1
774; 9
770; 52
778; 1
785; 0
780; 0
781; 0
784; 2
777; 12
782; 10
789; 0
783; 4
786; 0
791; 0
787; 1
788; 0
792; 0
799; 14
790; 16
803; 19
802; 37
797; 23
807; 2
793; 33
801; 41
804; 15
800; 51
796; 52
811; 35
805; 38
821; 6
794; 87
795; 62
808; 44
812; 70
814; 58
817; 41
798; 77
810; 80
815; 67
813; 65
825; 18
819; 51
820; 42
809; 108
816; 46
818; 74
822; 49
826; 10
806; 148
830; 15
824; 27
831; 16
835; 5
827; 24
838; 26
833; 5
823; 76
832; 34
836; 30
840; 15
834; 44
828; 36
844; 0
829; 31
837; 27
842; 6
843; 9
839; 25
841; 31
845; 1
850; 0
847; 0
849; 0
846; 0
852; 0
848; 0
851; 0
853; 0
854; 0
859; 0
856; 5
860; 0
855; 0
858; 0
857; 6
862; 3
861; 5
864; 1
865; 0
863; 0
868; 0
866; 0
867; 0
876; 7
870; 0
871; 21
873; 21
869; 9
872; 7
878; 0
874; 4
875; 3
877; 3
881; 0
880; 0
879; 0
883; 0
882; 9
885; 10
884; 15
891; 9
894; 2
888; 10
887; 2
886; 13
889; 19
890; 16
895; 9
899; 2
892; 0
893; 0
896; 10
902; 6
898; 27
906; 3
900; 2
903; 1
897; 12
908; 0
909; 0
904; 15
905; 8
901; 13
907; 4
915; 7
912; 0
914; 6
918; 0
913; 22
919; 0
910; 6
917; 17
920; 0
916; 1
924; 0
911; 13
922; 0
921; 0
925; 21
936; 2
929; 10
928; 23
923; 27
935; 9
939; 2
931; 28
934; 11
938; 6
927; 28
926; 15
937; 16
943; 4
933; 48
945; 23
946; 3
947; 9
944; 13
932; 42
930; 38
942; 20
940; 21
941; 30
949; 6
948; 15
950; 3
951; 0
954; 0
952; 5
955; 0
953; 7
956; 0
960; 0
959; 0
958; 0
961; 0
957; 0
962; 0
966; 0
963; 0
965; 16
968; 22
967; 18
975; 8
970; 1
971; 0
974; 0
976; 1
964; 17
969; 24
972; 0
973; 10
977; 0
979; 0
978; 0
983; 0
981; 0
982; 0
980; 8
984; 0
988; 6
989; 0
990; 0
987; 0
991; 0
985; 0
986; 0
994; 6
992; 2
997; 12
995; 3
998; 1
996; 0
993; 0
999; 2
1000; 9
1; 0
3; 0
2; 0
4; 0
5; 0
10; 0
7; 0
6; 0
9; 0
12; 1
13; 0
11; 0
17; 0
14; 1
8; 0
16; 1
18; 0
15; 1
19; 0
24; 8
20; 0
27; 0
21; 0
26; 17
25; 11
22; 10
23; 0
29; 0
31; 0
32; 12
34; 9
28; 62
37; 11
36; 30
30; 40
33; 35
35; 55
42; 16
41; 17
40; 41
38; 25
39; 52
45; 0
46; 0
43; 0
47; 0
48; 0
50; 2
44; 0
51; 5
53; 0
57; 3
58; 5
52; 14
49; 13
54; 12
61; 1
60; 7
65; 0
62; 3
55; 15
56; 21
59; 10
63; 12
68; 1
71; 0
64; 0
67; 3
76; 5
66; 25
69; 16
70; 13
75; 2
77; 7
72; 16
73; 17
74; 27
84; 17
82; 16
81; 17
80; 6
86; 10
89; 4
87; 8
78; 56
83; 56
79; 28
94; 61
85; 54
92; 35
96; 30
88; 41
95; 47
93; 48
90; 44
99; 8
91; 51
103; 11
97; 49
100; 22
98; 29
101; 7
102; 2
104; 0
110; 0
105; 0
106; 0
109; 0
112; 0
108; 2
107; 0
114; 0
111; 0
118; 0
113; 0
117; 22
123; 16
128; 1
116; 11
115; 21
125; 17
119; 9
121; 15
120; 10
127; 1
122; 2
124; 19
129; 15
140; 20
136; 12
130; 9
135; 27
134; 17
142; 12
139; 11
143; 31
126; 62
132; 58
138; 48
133; 63
141; 40
137; 86
131; 71
150; 17
153; 24
145; 31
151; 20
146; 39
156; 21
148; 22
147; 51
163; 3
160; 11
144; 75
152; 65
166; 13
157; 39
159; 43
149; 75
169; 30
154; 73
158; 51
164; 58
155; 95
170; 11
165; 66
168; 46
173; 21
167; 50
182; 4
178; 35
171; 26
172; 59
162; 75
179; 32
181; 12
180; 30
161; 126
177; 83
190; 17
175; 106
186; 46
176; 126
188; 69
193; 14
174; 109
192; 38
195; 13
183; 60
196; 35
184; 59
189; 25
194; 68
191; 63
203; 26
200; 35
199; 19
204; 25
211; 21
212; 16
205; 49
187; 127
206; 50
185; 104
198; 58
202; 70
207; 43
197; 92
201; 72
210; 24
209; 51
214; 9
213; 31
215; 9
218; 2
216; 10
208; 42
217; 0
219; 0
223; 0
221; 0
225; 30
222; 12
227; 3
224; 14
236; 9
229; 19
220; 41
226; 16
240; 19
228; 25
245; 1
231; 16
232; 24
248; 1
233; 43
235; 24
230; 57
238; 46
239; 53
244; 50
247; 14
234; 59
237; 53
246; 30
249; 12
251; 22
242; 29
241; 48
243; 64
250; 10
253; 23
254; 20
256; 6
255; 26
258; 4
257; 16
263; 5
259; 6
260; 22
252; 28
265; 0
267; 0
261; 15
264; 0
262; 1
269; 3
271; 0
266; 0
268; 0
270; 4
273; 0
272; 1
280; 0
276; 10
274; 6
282; 6
284; 15
275; 11
281; 11
285; 11
279; 11
283; 8
278; 1
277; 11
288; 3
286; 0
289; 1
287; 1
295; 0
292; 3
290; 6
291; 2
294; 0
293; 4
296; 7
300; 3
299; 10
298; 20
304; 26
297; 14
303; 29
306; 13
312; 2
301; 10
308; 1
309; 16
311; 4
305; 9
302; 9
307; 23
313; 0
310; 18
319; 0
314; 2
315; 1
322; 0
316; 1
320; 2
317; 6
326; 1
327; 0
321; 0
318; 30
323; 24
324; 9
333; 9
325; 16
331; 13
336; 3
329; 0
330; 6
339; 0
328; 1
335; 7
334; 9
337; 3
332; 10
345; 4
342; 3
340; 0
350; 25
352; 15
347; 41
348; 25
343; 41
341; 59
349; 71
338; 84
353; 28
354; 22
360; 20
351; 17
356; 28
346; 78
357; 49
359; 32
363; 26
355; 47
344; 98
366; 20
358; 65
361; 34
367; 8
362; 23
364; 13
369; 12
365; 14
372; 3
368; 15
373; 0
371; 2
370; 18
374; 19
375; 1
377; 7
380; 13
382; 0
376; 0
379; 6
384; 0
378; 0
383; 0
386; 0
390; 2
385; 2
381; 8
391; 1
389; 0
388; 9
392; 3
394; 0
395; 1
387; 0
398; 2
393; 3
400; 0
396; 1
402; 2
397; 2
401; 2
399; 1
403; 0
407; 0
409; 2
410; 0
404; 1
412; 0
416; 1
417; 1
405; 3
413; 1
406; 3
408; 4
415; 12
414; 9
428; 5
411; 57
425; 22
420; 29
421; 14
418; 28
426; 8
432; 14
429; 39
436; 10
431; 26
419; 41
430; 35
427; 49
423; 81
437; 15
444; 5
422; 116
433; 40
440; 30
439; 14
446; 17
424; 99
442; 35
448; 4
434; 35
447; 1
443; 23
438; 21
445; 11
435; 38
441; 28
449; 0
450; 21
454; 5
455; 10
451; 8
453; 7
452; 9
459; 5
458; 6
456; 30
457; 24
463; 4
462; 9
464; 5
468; 2
465; 14
470; 0
467; 8
469; 10
461; 2
460; 29
466; 8
475; 1
480; 10
471; 17
479; 7
472; 8
474; 5
478; 11
476; 1
481; 11
473; 16
477; 12
483; 1
487; 0
489; 0
482; 2
484; 1
486; 0
485; 4
505; 15
500; 35
492; 54
496; 42
491; 53
488; 41
503; 21
512; 12
509; 33
514; 21
497; 27
490; 86
504; 29
495; 87
516; 28
494; 66
498; 80
515; 16
493; 116
507; 96
511; 93
501; 102
508; 94
499; 90
517; 19
518; 36
521; 30
519; 41
510; 65
524; 22
523; 39
525; 28
526; 37
529; 28
520; 48
530; 31
538; 23
534; 21
531; 39
522; 124
533; 38
528; 61
502; 198
539; 16
537; 40
506; 180
536; 20
532; 31
544; 26
540; 6
513; 137
535; 53
527; 102
543; 15
541; 40
548; 6
542; 33
546; 3
553; 25
547; 35
550; 31
556; 38
545; 71
552; 63
563; 14
567; 16
575; 17
555; 77
565; 47
557; 67
570; 22
554; 114
581; 6
559; 80
551; 116
558; 72
560; 82
549; 99
572; 74
573; 24
568; 49
566; 60
562; 97
576; 62
588; 21
569; 72
561; 125
577; 82
590; 54
585; 31
586; 46
583; 77
582; 89
564; 141
571; 122
579; 116
594; 12
587; 87
584; 82
592; 60
589; 87
578; 140
591; 99
595; 44
580; 141
600; 12
596; 61
598; 22
599; 17
601; 6
574; 158
593; 42
597; 42
602; 0
603; 4
609; 13
610; 7
606; 13
604; 15
605; 7
612; 17
615; 18
616; 21
608; 20
622; 10
607; 23
619; 3
614; 23
620; 10
618; 4
613; 7
617; 15
621; 21
623; 0
625; 6
611; 49
624; 0
627; 1
632; 0
626; 0
629; 1
630; 6
634; 0
633; 0
628; 4
635; 0
631; 0
636; 3
644; 3
641; 23
639; 27
638; 22
637; 41
643; 11
647; 5
645; 22
646; 22
648; 8
649; 17
640; 58
642; 43
651; 18
659; 2
650; 7
658; 11
653; 2
661; 0
664; 0
656; 8
652; 15
654; 5
666; 16
655; 38
669; 9
657; 9
660; 6
665; 8
668; 7
663; 5
662; 3
667; 16
677; 0
672; 11
670; 11
671; 3
676; 3
675; 5
673; 1
674; 7
680; 0
678; 3
683; 0
681; 5
682; 2
685; 0
679; 5
686; 1
684; 3
688; 10
695; 3
690; 6
696; 3
692; 11
689; 4
697; 1
698; 0
694; 20
687; 30
691; 17
693; 18
702; 11
699; 18
706; 6
704; 13
703; 5
701; 7
708; 0
700; 6
714; 3
705; 20
707; 12
713; 0
712; 2
716; 10
710; 10
715; 0
709; 3
717; 3
718; 0
711; 18
720; 0
719; 2
721; 0
722; 0
723; 0
724; 1
727; 0
729; 3
726; 0
728; 0
725; 0
730; 3
731; 0
735; 1
732; 0
736; 2
737; 3
742; 0
738; 3
740; 1
744; 2
741; 0
733; 4
739; 0
745; 10
755; 7
747; 9
760; 16
749; 23
752; 11
734; 55
758; 21
754; 12
748; 47
743; 63
762; 38
750; 49
751; 42
746; 107
766; 7
763; 27
759; 51
757; 39
753; 71
769; 1
756; 33
761; 42
765; 34
764; 42
770; 0
767; 7
774; 1
768; 1
775; 0
772; 0
778; 0
777; 0
773; 3
771; 0
782; 0
780; 0
781; 0
776; 0
779; 0
787; 9
783; 0
784; 2
791; 8
786; 5
793; 4
789; 8
796; 1
792; 10
785; 5
788; 19
790; 13
795; 0
797; 3
798; 0
799; 0
800; 0
794; 6
801; 4
804; 0
805; 0
807; 8
803; 4
806; 2
802; 3
810; 0
808; 7
809; 2
814; 0
813; 11
812; 25
815; 1
811; 33
817; 3
820; 2
818; 9
816; 13
822; 9
819; 13
823; 0
825; 1
824; 1
821; 4
826; 1
829; 1
827; 6
828; 9
833; 2
830; 2
834; 2
831; 8
836; 3
835; 1
840; 2
842; 4
832; 11
843; 3
839; 17
850; 21
838; 30
837; 36
848; 40
847; 16
849; 44
859; 14
861; 39
852; 64
857; 49
856; 38
853; 63
845; 88
851; 93
862; 26
844; 90
867; 14
855; 69
854; 77
864; 40
841; 119
863; 43
860; 58
865; 38
868; 12
872; 0
858; 88
869; 0
846; 113
866; 21
870; 0
873; 0
874; 0
875; 0
871; 0
877; 0
876; 2
880; 6
883; 4
878; 8
879; 10
891; 8
881; 3
890; 7
886; 2
885; 1
884; 4
893; 1
882; 25
892; 6
889; 10
888; 8
894; 10
895; 0
887; 1
896; 2
901; 4
899; 2
906; 0
897; 9
900; 7
898; 6
910; 3
903; 5
905; 9
902; 13
908; 11
911; 1
912; 25
907; 14
915; 10
904; 21
909; 10
914; 11
916; 8
913; 17
917; 0
920; 0
918; 0
921; 0
919; 0
924; 0
923; 0
928; 0
925; 0
926; 0
922; 0
929; 1
927; 7
931; 7
933; 0
938; 6
930; 1
936; 5
934; 7
932; 0
935; 0
937; 5
944; 7
945; 12
940; 1
942; 10
941; 25
943; 3
939; 16
946; 25
947; 24
953; 12
951; 5
949; 26
954; 40
948; 43
955; 6
952; 36
957; 5
950; 36
958; 13
959; 6
960; 2
962; 0
956; 30
961; 21
964; 11
978; 17
972; 30
965; 55
979; 27
963; 47
975; 42
967; 70
986; 12
971; 84
990; 15
970; 71
973; 74
976; 76
968; 77
981; 39
989; 37
969; 134
985; 49
966; 148
980; 81
993; 26
974; 122
982; 75
987; 96
994; 44
999; 26
988; 158
984; 119
992; 93
983; 144
991; 119
996; 49
977; 179
997; 80
995; 114
1000; 121
998; 179
1; 0
3; 0
2; 3
5; 0
4; 0
9; 0
6; 0
7; 0
10; 3
16; 1
8; 8
11; 7
15; 28
18; 3
22; 3
13; 6
19; 0
12; 13
14; 16
20; 2
28; 6
29; 7
17; 24
26; 8
30; 3
24; 7
21; 8
27; 6
33; 5
25; 8
32; 3
34; 0
37; 0
38; 0
23; 2
31; 0
35; 0
39; 0
36; 0
42; 0
40; 0
41; 4
48; 6
44; 4
51; 9
52; 2
47; 5
45; 14
43; 11
46; 19
50; 4
49; 18
57; 0
54; 0
55; 0
53; 12
58; 0
61; 0
64; 0
56; 0
60; 0
59; 1
62; 0
68; 0
65; 0
66; 2
63; 0
70; 6
67; 0
75; 8
77; 8
76; 7
69; 10
72; 6
71; 2
74; 16
78; 13
79; 14
81; 19
84; 8
91; 15
89; 30
92; 4
93; 16
73; 50
83; 33
96; 13
90; 4
88; 47
80; 60
85; 19
86; 33
94; 15
82; 43
87; 43
95; 21
99; 1
98; 0
97; 2
108; 6
106; 14
100; 16
103; 19
102; 22
105; 28
101; 43
116; 12
122; 1
113; 62
104; 76
126; 21
109; 60
117; 49
114; 62
112; 76
107; 68
111; 100
123; 51
110; 69
127; 13
115; 54
119; 70
120; 56
125; 19
118; 75
130; 7
129; 33
132; 5
121; 67
134; 32
139; 8
136; 9
137; 26
131; 26
143; 6
138; 9
124; 74
135; 14
145; 2
128; 39
133; 12
144; 2
142; 2
141; 10
146; 0
140; 3
153; 1
147; 0
152; 3
148; 0
154; 0
150; 2
151; 0
155; 0
149; 0
158; 0
157; 0
156; 16
161; 19
169; 26
159; 22
163; 15
160; 2
164; 18
165; 25
170; 1
166; 25
176; 4
162; 26
177; 14
171; 5
168; 26
172; 17
187; 1
173; 12
174; 8
175; 26
178; 35
183; 23
191; 37
179; 36
195; 7
181; 54
188; 20
190; 29
167; 106
192; 22
182; 66
180; 56
194; 54
198; 46
202; 3
184; 71
185; 98
201; 36
193; 54
189; 102
196; 45
200; 56
186; 147
205; 18
199; 27
197; 51
211; 2
207; 8
204; 18
203; 46
209; 17
208; 11
212; 0
216; 0
210; 6
206; 10
219; 0
213; 1
217; 3
218; 7
220; 0
221; 19
214; 31
215; 37
227; 26
223; 24
222; 18
225; 24
230; 16
234; 17
228; 23
231; 5
239; 16
244; 4
226; 55
243; 6
233; 19
235; 69
229; 72
240; 25
232; 41
224; 86
241; 46
248; 26
251; 18
247; 61
238; 75
242; 48
249; 17
245; 51
236; 73
237; 61
246; 42
252; 21
254; 10
253; 53
255; 36
259; 21
256; 21
257; 14
258; 21
250; 55
263; 19
269; 11
262; 10
265; 32
260; 19
274; 5
271; 36
278; 32
261; 62
277; 42
264; 16
267; 21
288; 1
283; 14
276; 36
268; 24
266; 57
275; 43
285; 10
292; 30
282; 70
289; 42
290; 15
273; 80
279; 100
284; 66
286; 35
287; 46
280; 54
293; 38
281; 78
270; 64
272; 91
294; 3
299; 5
295; 10
296; 0
291; 48
298; 5
297; 0
300; 0
304; 11
305; 2
302; 9
301; 0
306; 3
309; 0
303; 5
311; 2
310; 8
308; 10
312; 3
307; 2
313; 0
317; 1
316; 0
323; 1
325; 15
326; 23
315; 33
314; 14
321; 11
319; 22
318; 37
320; 9
327; 11
322; 39
330; 17
328; 12
329; 5
324; 32
332; 0
333; 3
331; 0
338; 1
335; 2
348; 3
336; 14
341; 9
351; 4
337; 28
339; 19
343; 18
334; 12
353; 11
350; 32
345; 6
344; 36
349; 32
347; 18
340; 17
342; 29
352; 13
357; 1
355; 0
354; 19
359; 0
358; 0
356; 8
362; 0
361; 2
360; 0
346; 37
363; 4
365; 0
366; 0
370; 3
372; 1
364; 3
371; 1
367; 1
374; 0
368; 3
375; 0
369; 2
381; 0
376; 0
378; 0
380; 0
377; 1
373; 2
379; 0
383; 4
385; 2
386; 0
389; 0
391; 0
382; 0
390; 3
384; 12
387; 17
394; 18
401; 8
393; 13
400; 20
388; 32
405; 0
392; 41
397; 30
402; 20
396; 28
398; 22
404; 2
395; 24
403; 22
407; 9
406; 0
399; 27
408; 5
411; 6
410; 0
409; 0
414; 2
412; 2
413; 10
416; 0
418; 0
415; 0
419; 1
421; 3
420; 0
417; 2
423; 0
422; 1
425; 2
427; 2
424; 8
428; 0
430; 4
429; 4
426; 9
443; 7
435; 27
437; 12
442; 32
431; 35
436; 4
433; 13
439; 40
434; 35
444; 3
445; 5
438; 27
441; 26
432; 32
447; 0
440; 3
446; 4
450; 0
448; 0
449; 0
451; 3
452; 0
455; 0
456; 2
457; 3
453; 5
454; 1
459; 1
458; 4
461; 1
464; 1
460; 7
466; 1
467; 1
468; 9
463; 1
462; 6
469; 4
478; 5
479; 6
480; 4
474; 1
470; 30
465; 31
477; 30
471; 15
484; 0
473; 33
481; 8
476; 16
472; 15
483; 0
475; 28
487; 19
490; 12
495; 6
485; 49
489; 22
493; 14
482; 32
486; 32
488; 31
491; 23
494; 11
497; 11
492; 44
498; 7
502; 1
496; 2
501; 13
503; 1
504; 4
505; 2
500; 6
499; 8
506; 0
511; 0
510; 0
509; 2
508; 2
512; 0
513; 0
507; 0
514; 0
516; 0
515; 0
517; 0
522; 0
524; 1
523; 7
519; 10
520; 17
527; 12
531; 21
529; 6
518; 28
521; 29
534; 6
526; 28
528; 37
538; 0
525; 42
530; 18
537; 0
535; 4
536; 1
532; 16
546; 14
544; 2
539; 11
540; 25
552; 4
550; 3
554; 3
541; 46
543; 21
545; 8
533; 72
547; 33
555; 38
548; 43
556; 16
542; 85
558; 29
549; 58
561; 36
566; 27
551; 65
564; 39
572; 34
557; 73
560; 55
567; 59
573; 43
559; 100
576; 16
553; 137
562; 81
575; 68
574; 72
565; 88
577; 82
563; 104
568; 130
569; 94
585; 19
571; 93
581; 14
580; 49
583; 45
584; 53
587; 8
594; 4
578; 77
570; 161
596; 12
590; 27
579; 128
582; 107
600; 38
598; 48
592; 83
589; 88
602; 61
593; 83
599; 87
591; 102
588; 144
586; 132
603; 90
595; 104
606; 40
610; 14
612; 3
605; 23
597; 101
613; 0
601; 81
604; 42
614; 2
607; 48
609; 16
623; 0
608; 44
611; 6
616; 3
617; 10
618; 29
627; 0
620; 24
629; 1
625; 8
621; 18
624; 33
619; 32
622; 27
615; 25
632; 3
630; 8
628; 20
626; 21
631; 24
635; 4
636; 1
633; 0
634; 2
638; 0
637; 0
640; 0
639; 0
642; 0
641; 0
645; 0
643; 0
646; 0
644; 0
651; 0
654; 1
648; 0
652; 23
650; 8
647; 52
649; 30
653; 28
661; 16
655; 30
662; 10
656; 30
657; 30
659; 35
664; 34
665; 24
660; 11
663; 20
658; 29
666; 12
676; 7
668; 3
671; 7
674; 25
669; 8
679; 6
672; 5
667; 27
670; 20
673; 25
675; 27
678; 0
684; 0
677; 0
680; 3
682; 0
683; 0
681; 29
686; 19
688; 13
685; 40
692; 30
687; 72
691; 67
698; 37
690; 78
689; 68
693; 55
697; 54
702; 37
703; 45
706; 13
695; 74
701; 62
705; 19
699; 40
696; 65
694; 90
711; 9
700; 79
718; 8
717; 27
716; 25
715; 51
709; 68
719; 53
710; 92
707; 116
714; 88
720; 78
704; 156
724; 25
708; 107
728; 54
737; 32
743; 1
738; 35
725; 93
722; 127
735; 88
734; 74
730; 124
749; 7
732; 94
746; 48
745; 53
723; 156
726; 145
721; 195
756; 59
766; 16
712; 216
754; 72
713; 245
731; 146
748; 102
750; 77
761; 44
727; 177
752; 118
768; 50
742; 186
741; 170
767; 47
773; 52
757; 120
760; 119
753; 162
772; 44
762; 107
729; 281
747; 201
751; 189
780; 31
765; 151
770; 137
763; 178
744; 256
759; 256
733; 330
769; 194
739; 375
802; 39
796; 57
779; 125
789; 80
797; 83
778; 216
776; 183
740; 412
781; 161
810; 69
811; 46
782; 160
806; 105
817; 59
801; 106
755; 383
785; 204
807; 117
764; 357
783; 202
758; 381
795; 178
798; 134
814; 91
804; 107
809; 127
775; 293
828; 1
793; 215
827; 34
774; 362
771; 371
736; 590
832; 9
791; 246
792; 240
790; 245
818; 150
799; 230
777; 407
786; 282
829; 55
823; 122
784; 354
822; 107
800; 285
787; 319
836; 104
831; 126
815; 260
819; 210
794; 302
835; 83
845; 10
842; 78
825; 170
849; 23
846; 48
788; 368
805; 316
839; 90
830; 167
837; 134
850; 77
841; 138
812; 373
808; 349
826; 233
821; 244
843; 208
816; 367
840; 196
868; 15
813; 373
820; 327
848; 127
803; 452
833; 258
834; 242
861; 41
852; 164
855; 99
851; 143
859; 68
844; 168
838; 239
854; 115
862; 69
847; 147
853; 171
863; 81
856; 111
866; 48
867; 28
857; 82
875; 0
865; 12
824; 296
869; 12
871; 6
858; 84
872; 7
870; 23
879; 2
873; 1
874; 5
878; 7
864; 97
882; 0
876; 0
883; 2
881; 1
860; 116
880; 2
877; 2
884; 1
890; 0
888; 0
886; 0
885; 0
887; 0
889; 0
891; 25
895; 16
892; 46
904; 5
903; 1
906; 0
894; 42
901; 22
899; 28
896; 36
893; 26
898; 19
905; 5
908; 11
909; 0
902; 17
914; 0
897; 27
900; 38
918; 7
917; 2
916; 11
913; 15
919; 1
911; 13
910; 6
925; 5
927; 2
923; 14
907; 26
924; 13
920; 4
929; 9
928; 13
912; 41
926; 8
921; 12
915; 16
930; 0
922; 15
932; 0
931; 0
934; 0
937; 4
933; 0
936; 3
940; 0
941; 0
935; 7
944; 0
939; 1
938; 1
945; 0
950; 0
942; 10
951; 14
947; 12
943; 29
953; 3
946; 24
956; 9
957; 4
948; 15
952; 3
954; 10
949; 10
955; 16
961; 0
960; 6
962; 5
958; 3
963; 5
970; 0
967; 15
959; 19
969; 12
966; 23
971; 8
964; 17
972; 26
973; 22
983; 1
978; 10
965; 39
975; 24
979; 17
974; 37
968; 61
989; 14
977; 48
984; 22
994; 10
976; 65
991; 64
996; 7
995; 12
985; 37
988; 57
993; 47
982; 40
987; 56
992; 17
980; 58
999; 7
981; 82
990; 58
1000; 6
986; 36
997; 13
998; 5
3; 0
5; 0
6; 1
2; 0
4; 4
1; 3
8; 2
7; 1
9; 0
10; 7
22; 6
12; 18
13; 6
19; 26
16; 33
17; 29
21; 19
11; 41
31; 5
32; 3
24; 5
25; 6
14; 23
27; 7
29; 1
20; 5
15; 23
18; 16
23; 16
28; 10
33; 1
34; 3
36; 0
26; 17
30; 3
40; 11
48; 2
49; 5
37; 9
39; 8
44; 9
42; 18
35; 14
38; 15
46; 15
41; 36
43; 27
52; 2
54; 7
45; 18
50; 5
56; 0
55; 0
47; 18
53; 9
60; 0
51; 18
57; 1
59; 15
58; 7
61; 8
63; 3
64; 3
69; 7
62; 11
65; 18
70; 0
67; 22
66; 10
68; 2
71; 0
72; 0
74; 5
77; 7
75; 10
87; 4
73; 14
86; 4
89; 0
83; 54
79; 84
91; 52
78; 70
85; 50
76; 92
92; 49
94; 13
82; 120
81; 82
80; 87
95; 10
88; 86
93; 41
90; 53
97; 19
84; 84
96; 21
101; 0
98; 13
100; 0
102; 0
99; 0
106; 0
103; 0
104; 0
107; 0
109; 0
108; 0
105; 2
114; 6
115; 6
113; 7
112; 2
110; 7
116; 13
111; 13
122; 14
118; 21
121; 36
124; 7
117; 27
120; 17
127; 14
123; 37
119; 18
129; 8
128; 6
126; 11
132; 0
130; 0
125; 4
131; 1
134; 1
139; 7
135; 11
133; 0
138; 0
136; 9
137; 0
143; 0
141; 0
145; 0
140; 2
144; 0
142; 0
147; 0
149; 0
146; 1
148; 9
150; 4
151; 21
154; 9
156; 14
155; 55
163; 19
157; 34
152; 54
164; 28
160; 24
161; 42
168; 14
159; 50
170; 29
171; 31
158; 69
175; 16
167; 65
172; 47
174; 31
153; 150
184; 11
166; 55
177; 47
169; 104
165; 78
162; 81
179; 15
183; 25
173; 59
176; 50
187; 27
180; 39
181; 40
189; 12
185; 4
178; 16
188; 2
186; 34
194; 0
182; 23
190; 4
193; 1
191; 0
195; 2
192; 1
198; 1
196; 0
199; 0
197; 1
201; 0
203; 0
200; 1
204; 0
208; 0
209; 5
207; 0
202; 3
205; 0
211; 0
206; 0
213; 0
210; 2
214; 4
220; 2
215; 2
212; 7
216; 4
217; 11
221; 1
218; 8
219; 5
229; 10
222; 20
227; 0
226; 28
223; 18
231; 15
234; 7
230; 17
224; 14
225; 10
237; 0
232; 7
235; 7
228; 28
238; 0
233; 6
236; 3
241; 0
243; 0
240; 4
239; 1
244; 13
245; 1
254; 3
248; 20
246; 38
251; 6
252; 22
249; 14
250; 10
242; 55
247; 38
253; 42
256; 15
257; 0
255; 19
259; 7
258; 0
262; 0
263; 13
261; 9
260; 5
272; 3
267; 4
269; 7
268; 2
273; 0
264; 0
270; 17
271; 6
266; 1
275; 5
276; 0
265; 22
274; 3
283; 0
278; 0
281; 2
277; 5
279; 5
280; 8
282; 3
287; 2
286; 16
292; 10
289; 31
284; 15
291; 10
288; 2
285; 16
290; 27
297; 1
293; 18
298; 0
296; 11
294; 12
301; 0
295; 8
299; 1
300; 0
303; 0
302; 1
307; 0
306; 18
305; 18
310; 37
312; 15
316; 13
314; 38
309; 29
304; 18
311; 9
322; 0
321; 2
319; 31
320; 25
313; 35
308; 32
318; 8
317; 10
323; 1
324; 16
327; 10
326; 0
315; 46
328; 0
329; 15
331; 1
330; 11
335; 39
333; 11
332; 13
339; 13
325; 37
336; 23
334; 29
341; 0
337; 11
338; 19
343; 3
346; 1
342; 7
347; 16
344; 34
340; 3
348; 1
355; 0
351; 5
350; 14
345; 33
349; 21
352; 35
357; 12
361; 5
356; 45
353; 93
359; 10
364; 16
365; 5
358; 34
362; 40
367; 20
366; 2
363; 8
360; 38
354; 55
369; 0
368; 6
372; 0
371; 0
373; 0
370; 0
375; 1
376; 0
383; 2
374; 6
379; 2
384; 8
388; 3
378; 19
389; 4
394; 0
387; 23
395; 22
393; 21
386; 21
380; 13
401; 2
382; 20
385; 17
390; 15
392; 19
391; 20
398; 7
381; 20
397; 15
402; 5
400; 4
403; 0
377; 45
399; 5
407; 0
396; 12
405; 0
410; 0
404; 0
406; 5
413; 0
409; 5
411; 3
408; 0
414; 0
412; 0
419; 2
415; 11
416; 1
417; 8
418; 1
425; 0
420; 0
422; 1
421; 6
423; 0
426; 0
424; 0
431; 3
429; 0
428; 0
432; 0
427; 0
436; 0
430; 1
439; 7
437; 2
434; 2
435; 3
433; 12
438; 2
441; 3
442; 4
440; 28
443; 20
447; 16
448; 9
450; 21
444; 32
453; 32
445; 61
455; 22
446; 72
449; 55
458; 12
454; 13
451; 53
456; 10
457; 18
452; 37
460; 24
471; 10
461; 9
462; 29
459; 32
480; 4
476; 10
478; 3
474; 24
475; 17
469; 19
468; 30
466; 46
464; 63
463; 66
485; 10
483; 4
473; 31
465; 64
481; 16
467; 94
472; 63
470; 58
477; 35
479; 53
488; 5
482; 42
491; 14
487; 4
489; 14
484; 38
498; 0
486; 15
495; 5
494; 14
493; 19
490; 37
492; 34
499; 3
510; 2
506; 12
509; 3
496; 12
497; 18
504; 14
500; 31
505; 11
511; 12
503; 51
502; 9
507; 17
514; 0
501; 32
513; 21
520; 9
517; 1
521; 24
512; 24
518; 13
508; 24
519; 17
527; 3
516; 10
522; 14
525; 13
515; 29
533; 6
528; 12
523; 10
530; 6
531; 7
537; 1
526; 5
534; 13
536; 4
524; 17
541; 0
529; 12
532; 20
539; 0
544; 0
540; 3
535; 0
543; 0
542; 3
538; 3
545; 0
546; 0
548; 0
547; 3
551; 3
555; 0
554; 5
549; 6
552; 0
553; 0
559; 2
556; 0
550; 3
557; 0
562; 6
558; 13
563; 0
564; 0
565; 0
561; 0
560; 6
566; 0
571; 0
569; 4
574; 3
572; 0
576; 10
568; 4
570; 0
567; 16
577; 4
573; 7
579; 5
589; 3
578; 4
581; 5
585; 28
587; 7
584; 26
575; 32
586; 11
588; 5
591; 0
580; 30
583; 27
582; 21
590; 4
594; 5
596; 0
593; 3
595; 0
592; 0
600; 0
598; 0
601; 0
597; 0
603; 0
599; 1
606; 20
609; 5
612; 3
613; 2
604; 0
605; 0
602; 5
607; 4
608; 9
616; 0
611; 6
610; 17
615; 0
614; 11
621; 0
617; 1
618; 5
619; 1
623; 0
622; 0
620; 0
629; 22
626; 7
630; 1
624; 12
633; 14
627; 26
625; 19
631; 26
628; 31
634; 13
638; 13
637; 5
632; 26
636; 2
635; 9
639; 2
640; 0
642; 0
645; 6
641; 1
644; 1
648; 0
647; 0
643; 0
646; 0
650; 0
652; 0
649; 0
654; 0
651; 0
655; 0
653; 0
656; 0
658; 12
671; 13
662; 23
657; 57
660; 61
674; 23
661; 69
666; 47
679; 24
669; 66
678; 49
665; 76
670; 98
667; 95
663; 83
673; 71
681; 29
668; 101
677; 74
684; 53
675; 96
676; 79
659; 116
682; 28
672; 58
689; 25
664; 161
691; 54
686; 98
683; 71
692; 49
687; 98
697; 8
685; 86
701; 6
690; 58
699; 1
693; 24
702; 6
694; 19
698; 15
680; 85
688; 72
706; 2
695; 26
700; 16
703; 1
710; 1
705; 3
715; 4
696; 33
707; 20
704; 4
711; 1
713; 37
712; 4
714; 23
720; 7
708; 8
719; 1
722; 9
709; 14
726; 14
723; 6
717; 20
716; 25
721; 9
718; 5
725; 17
724; 3
727; 18
728; 10
732; 0
729; 7
731; 0
730; 0
734; 0
733; 0
735; 1
737; 5
738; 0
739; 1
740; 1
745; 1
743; 0
742; 0
747; 3
744; 0
736; 8
751; 3
741; 9
754; 0
746; 1
749; 0
748; 6
761; 8
757; 22
756; 29
759; 20
753; 36
767; 27
772; 26
768; 71
755; 74
778; 25
777; 18
763; 74
765; 80
750; 136
752; 123
792; 4
762; 70
766; 101
773; 64
758; 92
770; 64
791; 22
779; 90
794; 17
775; 79
786; 35
787; 39
776; 84
760; 134
785; 79
793; 24
780; 67
790; 53
774; 114
797; 17
783; 69
788; 65
764; 140
798; 21
771; 111
789; 58
800; 10
796; 42
781; 120
769; 160
784; 99
803; 0
795; 45
804; 2
782; 118
801; 2
805; 0
799; 14
802; 10
808; 0
806; 19
807; 3
814; 24
810; 30
813; 25
823; 14
812; 26
822; 16
816; 18
825; 11
809; 54
818; 5
811; 112
820; 50
815; 37
827; 40
821; 57
817; 71
832; 3
824; 72
826; 30
819; 93
831; 16
839; 11
836; 10
841; 19
833; 21
842; 29
840; 14
834; 52
838; 17
828; 104
845; 2
830; 55
837; 31
829; 110
843; 0
844; 2
852; 0
847; 8
850; 1
846; 2
855; 0
849; 0
851; 0
856; 0
835; 57
848; 16
859; 2
854; 3
853; 0
858; 1
860; 0
863; 0
857; 1
861; 0
864; 0
862; 2
865; 0
866; 33
872; 17
871; 17
876; 27
869; 38
873; 22
867; 57
885; 6
870; 47
877; 6
875; 32
868; 35
874; 43
878; 24
881; 11
883; 5
891; 0
889; 1
892; 0
879; 32
882; 4
886; 3
888; 1
880; 35
890; 0
887; 2
884; 8
894; 0
893; 0
895; 0
896; 0
898; 0
900; 0
904; 0
899; 1
897; 2
901; 12
902; 3
909; 4
908; 30
913; 5
903; 11
910; 11
912; 12
915; 2
916; 1
914; 13
905; 37
907; 31
917; 12
911; 7
906; 19
921; 4
923; 5
920; 1
919; 1
918; 3
924; 6
926; 0
922; 10
930; 2
925; 3
931; 0
928; 2
929; 1
927; 0
932; 0
934; 0
933; 0
937; 3
936; 2
935; 12
939; 16
945; 7
938; 11
947; 11
940; 10
948; 8
954; 6
950; 41
960; 6
943; 56
949; 24
955; 18
946; 75
941; 92
944; 86
951; 50
942; 92
963; 20
952; 36
962; 49
959; 26
964; 0
957; 21
965; 0
956; 40
961; 45
968; 4
953; 76
966; 25
958; 93
973; 46
970; 70
967; 50
975; 44
977; 26
985; 4
971; 53
974; 51
984; 16
980; 14
972; 56
979; 57
969; 115
976; 61
978; 46
981; 57
982; 49
983; 63
987; 94
996; 38
997; 38
994; 78
998; 27
988; 66
986; 112
1000; 32
990; 103
993; 41
995; 41
992; 64
989; 82
991; 123
999; 43
8; 2
3; 2
1; 7
9; 6
12; 7
5; 39
11; 31
2; 36
15; 9
7; 20
17; 3
14; 14
13; 1
16; 5
10; 30
6; 20
4; 50
18; 3
25; 7
23; 20
24; 12
20; 8
19; 5
22; 4
21; 1
27; 2
30; 1
26; 12
29; 0
28; 2
32; 0
35; 0
34; 5
31; 2
43; 4
33; 9
38; 20
36; 13
37; 10
41; 2
45; 5
42; 0
39; 12
44; 0
40; 5
47; 0
46; 0
50; 0
48; 0
52; 0
53; 0
51; 9
54; 6
55; 11
49; 22
56; 19
59; 15
64; 21
60; 18
65; 6
61; 20
68; 10
62; 16
63; 28
66; 1
57; 38
58; 23
71; 0
70; 1
67; 9
69; 8
72; 0
73; 16
77; 8
74; 28
85; 12
84; 25
87; 4
81; 23
76; 7
82; 15
78; 17
80; 13
83; 8
75; 10
79; 13
86; 13
88; 1
90; 0
89; 7
94; 6
92; 13
91; 4
98; 0
99; 0
93; 0
97; 0
96; 3
95; 4
100; 0
102; 0
101; 0
105; 1
109; 3
106; 7
103; 0
104; 6
114; 1
115; 5
113; 30
110; 6
111; 27
117; 14
112; 20
108; 46
125; 0
116; 22
120; 10
118; 13
107; 38
124; 0
123; 2
121; 0
127; 1
119; 6
122; 0
133; 2
132; 0
129; 1
128; 1
126; 4
134; 2
131; 2
130; 1
135; 0
136; 0
138; 0
137; 5
139; 9
140; 0
142; 0
143; 5
147; 1
152; 0
141; 2
146; 2
148; 3
144; 24
155; 0
153; 5
154; 0
151; 7
145; 4
156; 0
149; 0
150; 31
157; 0
165; 0
158; 10
160; 3
161; 13
162; 13
163; 11
159; 7
166; 7
168; 3
169; 4
164; 5
171; 0
167; 2
172; 0
170; 0
173; 0
176; 0
183; 5
179; 6
174; 0
185; 27
175; 32
182; 10
184; 54
187; 45
191; 56
181; 76
178; 70
177; 85
192; 35
188; 70
189; 40
194; 34
186; 37
199; 18
180; 64
202; 19
198; 65
201; 45
197; 56
190; 125
212; 14
205; 39
196; 101
210; 44
195; 123
193; 100
207; 45
203; 53
200; 51
213; 40
214; 39
206; 35
204; 42
211; 73
215; 17
216; 0
209; 34
208; 30
217; 0
218; 0
220; 0
219; 0
224; 0
221; 0
222; 0
226; 0
223; 0
227; 0
225; 0
229; 0
228; 0
230; 0
231; 0
233; 2
234; 2
236; 3
237; 4
239; 0
238; 1
242; 0
232; 7
241; 6
240; 0
235; 6
246; 3
256; 10
249; 0
250; 5
243; 21
247; 15
254; 10
245; 33
257; 30
263; 11
248; 39
259; 22
251; 56
261; 21
258; 41
244; 68
255; 49
265; 23
260; 26
266; 14
253; 39
252; 55
264; 12
270; 2
267; 22
268; 28
262; 40
269; 13
280; 3
273; 7
274; 8
271; 26
278; 5
282; 11
275; 18
272; 37
279; 36
281; 7
276; 28
277; 18
284; 2
287; 3
286; 0
290; 0
283; 9
285; 1
291; 0
288; 0
289; 3
292; 0
293; 5
296; 0
301; 0
295; 10
297; 1
294; 13
299; 2
298; 1
300; 15
302; 5
304; 1
303; 10
307; 7
305; 1
309; 0
306; 0
308; 0
310; 3
311; 0
315; 10
312; 14
317; 0
314; 0
316; 2
313; 0
319; 0
318; 0
320; 7
321; 32
326; 31
322; 31
328; 29
323; 30
325; 34
330; 16
334; 13
331; 24
327; 34
336; 0
335; 11
337; 4
329; 23
324; 32
333; 14
332; 15
341; 0
338; 2
344; 1
348; 6
340; 12
339; 11
347; 14
343; 4
342; 12
349; 14
350; 9
352; 0
345; 0
351; 0
346; 6
355; 0
353; 0
354; 0
356; 0
363; 5
358; 0
362; 11
366; 10
360; 9
359; 16
364; 2
365; 1
357; 13
361; 11
377; 1
367; 1
371; 33
370; 30
368; 32
375; 18
378; 18
379; 16
380; 16
369; 36
376; 17
372; 32
374; 21
373; 24
383; 4
384; 0
382; 0
381; 31
385; 0
386; 1
387; 2
390; 0
389; 6
388; 8
391; 0
393; 0
394; 2
395; 8
392; 3
399; 4
402; 1
406; 2
404; 0
397; 16
403; 12
398; 24
409; 21
405; 11
407; 31
400; 9
408; 22
396; 42
414; 22
411; 15
413; 14
416; 3
410; 7
401; 51
415; 0
422; 0
419; 1
418; 4
417; 4
424; 0
423; 2
421; 0
412; 38
420; 3
427; 0
429; 0
428; 0
425; 1
426; 0
435; 2
430; 0
432; 7
437; 12
440; 15
439; 18
433; 5
434; 11
436; 1
441; 10
445; 5
431; 9
443; 11
442; 9
438; 11
444; 7
450; 6
446; 8
449; 6
447; 3
451; 9
455; 0
448; 0
453; 0
454; 0
460; 0
452; 13
458; 1
459; 2
457; 3
461; 0
463; 15
462; 0
465; 1
456; 10
464; 4
474; 1
468; 2
467; 2
471; 2
476; 0
473; 2
466; 2
472; 3
480; 8
481; 14
484; 5
475; 10
478; 15
487; 5
479; 6
489; 2
469; 18
483; 7
490; 7
477; 32
470; 38
486; 8
491; 21
482; 19
488; 13
492; 9
485; 25
494; 0
493; 2
495; 0
496; 0
498; 0
497; 0
499; 0
501; 0
500; 0
502; 0
503; 0
505; 0
504; 0
506; 0
512; 7
508; 8
510; 7
509; 18
511; 10
516; 9
513; 24
514; 15
507; 33
520; 7
515; 21
522; 3
527; 9
521; 17
530; 1
517; 29
525; 7
518; 28
519; 19
523; 14
532; 8
524; 2
528; 7
526; 9
531; 27
533; 13
529; 42
537; 2
542; 0
538; 6
534; 11
535; 11
539; 1
543; 0
541; 0
540; 3
536; 5
547; 0
545; 0
544; 0
546; 8
551; 7
549; 2
548; 0
552; 2
557; 2
554; 5
555; 1
553; 4
550; 7
556; 0
558; 1
561; 0
560; 0
562; 0
565; 0
559; 0
563; 0
567; 0
564; 1
566; 0
570; 0
569; 12
575; 0
572; 9
571; 18
576; 16
573; 13
568; 18
578; 5
574; 2
577; 0
581; 0
579; 0
580; 19
583; 0
585; 0
587; 0
582; 0
584; 0
591; 0
590; 0
588; 2
600; 21
592; 31
602; 14
586; 29
596; 23
594; 0
593; 29
598; 44
601; 31
595; 32
597; 3
611; 1
612; 2
589; 51
604; 22
599; 32
606; 11
609; 10
607; 17
603; 24
610; 20
605; 12
608; 11
616; 0
613; 4
614; 0
615; 0
617; 0
619; 0
621; 0
618; 0
623; 0
627; 0
628; 0
620; 2
622; 3
625; 4
629; 17
632; 10
626; 31
624; 20
635; 22
633; 10
631; 12
638; 13
630; 2
634; 7
636; 7
640; 1
643; 0
639; 1
641; 2
642; 0
645; 0
637; 4
644; 0
646; 0
648; 0
647; 0
649; 0
650; 7
652; 0
653; 0
654; 0
651; 5
657; 0
658; 0
655; 0
659; 0
656; 0
665; 0
661; 8
662; 9
660; 14
666; 10
671; 10
667; 3
670; 2
663; 11
676; 6
674; 1
680; 11
678; 0
668; 9
669; 9
675; 2
672; 7
664; 28
679; 1
681; 3
677; 2
673; 6
686; 2
685; 4
684; 2
682; 5
683; 3
688; 1
690; 0
687; 0
694; 4
697; 0
693; 1
695; 3
698; 4
696; 6
689; 5
699; 1
691; 7
700; 2
703; 0
701; 0
692; 0
704; 0
706; 0
711; 17
707; 10
712; 12
708; 7
709; 3
702; 44
714; 1
705; 30
713; 23
710; 6
716; 0
715; 5
718; 6
722; 0
717; 0
719; 1
720; 23
728; 10
721; 22
723; 34
726; 7
735; 5
725; 12
724; 9
730; 21
732; 15
731; 8
740; 13
729; 16
736; 8
727; 40
739; 11
734; 4
742; 4
745; 0
737; 1
738; 10
733; 5
741; 19
748; 1
743; 23
744; 19
750; 16
747; 10
746; 9
752; 0
749; 0
751; 4
753; 1
755; 7
756; 0
754; 12
757; 7
758; 11
763; 13
761; 11
759; 23
762; 7
764; 1
760; 14
768; 0
767; 16
769; 20
765; 56
775; 16
766; 54
772; 21
770; 38
771; 34
777; 21
780; 1
773; 26
776; 21
774; 31
783; 0
778; 7
779; 9
781; 3
782; 1
787; 0
788; 2
784; 0
785; 2
786; 1
789; 5
791; 1
797; 19
793; 26
794; 6
803; 2
801; 10
795; 25
796; 7
792; 36
806; 13
807; 6
790; 53
799; 24
804; 29
805; 13
808; 5
802; 17
800; 66
814; 19
809; 4
812; 8
811; 18
810; 26
798; 70
817; 2
816; 10
813; 9
815; 3
818; 0
819; 0
822; 0
826; 0
820; 0
823; 0
824; 0
821; 0
825; 0
827; 0
828; 0
832; 0
829; 0
830; 0
834; 0
831; 0
833; 0
836; 0
835; 0
840; 0
837; 1
838; 0
842; 2
839; 5
844; 0
843; 0
846; 0
841; 3
848; 0
847; 0
845; 0
851; 0
850; 0
849; 0
852; 0
856; 0
854; 22
859; 8
860; 13
862; 16
868; 20
861; 58
865; 16
855; 82
871; 24
863; 62
857; 80
853; 87
864; 38
866; 35
875; 15
867; 69
858; 69
869; 36
886; 7
885; 17
872; 93
877; 54
887; 43
894; 13
878; 73
883; 48
880; 79
873; 125
870; 162
876; 113
892; 85
899; 42
903; 27
893; 66
874; 145
884; 90
895; 56
902; 43
888; 75
897; 78
891; 94
896; 84
905; 10
904; 10
900; 35
901; 31
882; 88
907; 24
898; 83
879; 164
881; 158
911; 32
912; 2
889; 164
909; 54
890; 153
926; 13
914; 44
918; 12
915; 54
925; 32
913; 61
908; 77
932; 4
910; 79
919; 33
916; 83
917; 57
931; 31
921; 82
942; 18
906; 117
922; 90
930; 70
929; 85
920; 141
928; 145
936; 83
935; 117
937; 106
933; 141
924; 190
923; 179
947; 117
960; 36
949; 65
944; 114
953; 72
946; 100
964; 38
943; 138
956; 93
950; 115
966; 41
940; 165
962; 53
957; 93
952; 157
955; 88
945; 166
948; 162
972; 11
941; 197
938; 170
939; 202
958; 114
934; 224
961; 67
965; 68
954; 98
967; 39
968; 25
973; 3
975; 0
963; 77
927; 241
969; 14
959; 66
971; 6
951; 153
970; 5
977; 0
974; 0
981; 0
979; 0
976; 0
980; 3
978; 0
982; 0
984; 0
990; 3
995; 3
985; 18
986; 17
998; 9
992; 2
997; 16
989; 16
988; 19
993; 20
983; 33
987; 31
999; 7
994; 19
991; 15
996; 22
1000; 1
2; 0
4; 3
7; 7
5; 0
1; 1
3; 0
12; 0
6; 6
10; 0
13; 5
9; 4
15; 1
11; 2
8; 4
16; 0
14; 1
18; 0
17; 0
19; 5
21; 0
23; 0
25; 5
20; 10
22; 3
24; 3
27; 0
29; 2
26; 9
31; 2
30; 2
28; 29
34; 14
32; 32
37; 41
35; 21
38; 11
36; 42
41; 23
40; 20
33; 39
39; 24
44; 15
48; 17
42; 24
43; 28
47; 20
49; 4
46; 33
52; 5
51; 2
56; 0
53; 16
45; 41
50; 27
54; 6
55; 0
58; 0
60; 0
59; 1
69; 6
62; 12
57; 15
61; 4
67; 20
63; 1
66; 7
65; 16
71; 4
70; 11
64; 12
74; 0
68; 10
78; 0
73; 4
80; 23
82; 13
72; 34
86; 14
75; 32
79; 1
76; 39
83; 7
77; 30
87; 18
85; 48
91; 7
93; 38
81; 39
92; 53
97; 2
90; 20
84; 70
95; 10
89; 37
94; 8
88; 22
101; 1
96; 26
98; 0
99; 2
106; 6
105; 11
100; 10
104; 0
110; 1
111; 1
102; 27
112; 0
107; 2
114; 11
103; 7
109; 12
116; 1
117; 8
108; 16
118; 10
113; 23
120; 9
115; 14
124; 1
119; 1
126; 0
123; 3
125; 10
122; 2
130; 0
128; 0
121; 10
131; 0
127; 0
129; 3
137; 0
132; 11
138; 0
140; 8
136; 5
135; 8
139; 12
133; 14
134; 35
141; 10
142; 7
145; 2
143; 2
146; 0
144; 5
147; 0
151; 0
153; 0
148; 0
154; 1
155; 3
150; 1
158; 0
149; 1
160; 0
156; 0
157; 0
152; 19
168; 17
164; 25
166; 8
163; 0
165; 17
162; 10
159; 32
167; 19
175; 2
161; 19
174; 2
171; 7
173; 11
169; 5
176; 1
170; 9
177; 1
172; 10
179; 0
180; 8
184; 0
178; 0
182; 0
186; 0
188; 0
181; 1
189; 0
185; 3
183; 0
187; 0
192; 0
197; 3
190; 5
194; 0
193; 5
191; 0
195; 9
196; 6
200; 0
199; 0
198; 0
206; 6
202; 2
201; 7
203; 3
205; 12
207; 17
209; 3
212; 7
213; 15
208; 4
210; 17
216; 3
204; 29
211; 27
215; 9
224; 16
223; 23
225; 12
217; 21
214; 39
222; 34
219; 24
226; 4
228; 0
221; 42
229; 7
227; 5
218; 39
220; 49
231; 0
230; 0
232; 3
237; 4
233; 11
238; 5
234; 10
242; 6
235; 8
239; 0
241; 7
240; 8
243; 0
236; 12
244; 0
245; 0
247; 0
246; 0
251; 0
249; 4
248; 0
253; 0
252; 1
250; 0
255; 3
254; 18
258; 0
259; 10
260; 15
256; 11
261; 19
263; 12
257; 7
262; 21
270; 4
271; 0
269; 18
264; 12
265; 9
268; 2
267; 7
273; 1
278; 4
266; 9
274; 4
272; 0
277; 1
276; 3
275; 0
279; 0
281; 0
280; 0
282; 0
283; 0
284; 0
285; 0
286; 0
289; 0
287; 0
292; 4
288; 5
293; 1
290; 3
295; 4
291; 8
294; 13
303; 6
296; 16
307; 4
304; 9
310; 5
301; 29
312; 6
309; 5
299; 53
300; 42
297; 53
298; 50
311; 20
305; 46
302; 57
314; 39
320; 6
317; 7
308; 61
313; 14
315; 31
316; 20
319; 1
306; 60
318; 0
321; 0
323; 1
324; 6
322; 12
327; 18
328; 3
329; 10
326; 25
333; 11
334; 10
325; 28
341; 12
337; 25
330; 32
346; 33
348; 25
340; 49
354; 11
342; 42
345; 18
347; 10
351; 31
339; 48
332; 73
343; 39
353; 21
344; 55
338; 77
336; 103
335; 59
350; 23
331; 62
352; 33
358; 1
355; 13
356; 17
349; 46
357; 1
362; 9
361; 19
359; 15
360; 10
364; 0
363; 1
371; 3
367; 0
366; 7
365; 2
372; 7
380; 11
369; 16
368; 26
376; 25
385; 4
379; 82
373; 87
370; 86
382; 16
374; 60
381; 31
386; 44
383; 51
384; 27
375; 108
377; 57
388; 18
387; 27
394; 1
391; 6
390; 4
393; 11
389; 12
397; 0
378; 67
395; 0
392; 8
399; 0
398; 9
406; 0
396; 50
405; 17
404; 14
401; 55
409; 52
402; 61
419; 9
408; 35
422; 12
420; 39
415; 77
430; 7
410; 117
407; 93
400; 125
416; 68
414; 82
403; 124
425; 76
427; 38
432; 9
417; 51
411; 113
434; 52
418; 127
437; 19
423; 62
412; 123
413; 164
438; 16
421; 97
426; 84
441; 34
444; 34
431; 56
440; 14
429; 73
428; 90
443; 34
451; 11
424; 141
433; 67
439; 81
447; 13
453; 31
435; 126
449; 51
446; 33
454; 17
462; 3
442; 130
450; 53
452; 50
448; 75
457; 5
436; 102
456; 37
445; 86
458; 15
455; 28
460; 11
461; 12
464; 4
459; 3
463; 6
467; 0
465; 3
469; 6
466; 0
470; 2
468; 1
472; 0
471; 0
474; 0
478; 0
477; 0
473; 0
476; 0
475; 0
479; 0
486; 3
480; 12
491; 6
481; 18
485; 14
482; 16
488; 32
483; 15
490; 14
495; 8
492; 14
487; 22
499; 15
484; 45
489; 33
497; 5
501; 12
494; 38
502; 17
496; 11
509; 9
498; 18
493; 41
508; 6
500; 18
506; 5
504; 7
503; 4
505; 9
507; 4
510; 5
517; 5
522; 28
512; 37
520; 23
513; 42
521; 38
515; 62
511; 42
527; 33
514; 37
531; 14
518; 76
524; 73
516; 72
526; 31
529; 51
519; 69
534; 14
523; 48
532; 37
525; 49
533; 39
538; 3
536; 16
528; 45
537; 12
530; 36
543; 0
540; 0
535; 6
541; 1
542; 0
546; 14
544; 15
539; 10
556; 14
545; 41
560; 22
559; 36
549; 40
558; 47
567; 8
550; 69
566; 4
565; 21
548; 63
553; 67
568; 18
562; 42
555; 98
557; 53
552; 70
547; 91
563; 31
554; 94
551; 82
561; 76
569; 15
572; 0
564; 41
571; 0
570; 0
577; 0
575; 0
574; 1
581; 0
576; 0
578; 0
579; 0
573; 1
580; 1
584; 0
588; 16
586; 0
585; 0
587; 2
589; 4
583; 0
590; 4
582; 13
592; 0
591; 6
596; 0
597; 3
595; 16
593; 12
594; 21
600; 2
610; 19
599; 22
612; 4
609; 21
598; 41
601; 36
613; 5
603; 27
604; 34
607; 25
605; 35
617; 32
624; 6
615; 23
602; 50
619; 9
611; 42
608; 38
627; 1
614; 31
620; 23
626; 9
622; 30
621; 23
633; 13
639; 1
618; 48
616; 67
606; 114
623; 46
632; 45
641; 24
636; 33
625; 53
638; 46
634; 36
644; 17
643; 17
645; 4
628; 67
631; 57
635; 60
630; 59
637; 38
642; 10
629; 47
640; 10
649; 0
650; 0
646; 0
653; 13
648; 37
655; 49
651; 77
652; 78
664; 43
670; 17
647; 129
674; 53
680; 1
672; 47
662; 96
660; 109
657; 125
665; 89
675; 86
666; 63
668; 79
684; 7
656; 169
669; 89
658; 159
681; 37
659; 169
661; 106
676; 71
673; 111
682; 67
688; 38
679; 47
671; 159
691; 33
683; 79
695; 8
654; 247
667; 171
694; 40
677; 111
693; 34
678; 122
689; 42
687; 79
690; 50
692; 50
685; 84
698; 21
696; 40
663; 206
697; 26
686; 84
700; 12
704; 9
699; 16
702; 13
706; 4
701; 34
703; 8
712; 10
709; 17
710; 27
707; 15
708; 13
705; 16
711; 1
719; 3
714; 8
716; 4
718; 5
713; 8
717; 6
720; 2
715; 3
723; 0
725; 0
726; 1
721; 0
722; 8
730; 0
731; 0
724; 2
728; 1
729; 0
733; 1
735; 0
734; 0
727; 10
732; 0
738; 0
737; 0
736; 3
740; 0
743; 5
742; 0
741; 0
744; 0
746; 2
739; 1
745; 3
748; 0
751; 0
749; 0
747; 10
752; 1
754; 2
750; 19
756; 21
753; 26
755; 10
758; 18
760; 6
757; 21
761; 9
759; 23
762; 9
764; 13
765; 16
763; 10
766; 0
767; 0
770; 0
773; 0
769; 0
771; 0
768; 0
774; 0
778; 1
775; 2
777; 0
781; 0
779; 2
772; 0
780; 2
782; 1
776; 0
785; 0
783; 0
784; 0
786; 0
787; 0
790; 0
789; 0
788; 0
791; 2
793; 0
794; 5
799; 7
798; 3
795; 14
792; 4
804; 0
800; 12
806; 0
797; 24
796; 29
802; 16
803; 32
805; 13
810; 36
809; 14
801; 40
813; 4
814; 10
808; 32
811; 29
807; 24
816; 20
812; 3
817; 4
815; 6
818; 7
819; 1
820; 0
823; 0
822; 0
821; 3
824; 6
825; 3
829; 2
828; 1
827; 0
831; 2
826; 6
830; 4
837; 0
834; 2
836; 4
835; 6
838; 0
832; 3
833; 10
839; 18
841; 25
848; 18
840; 11
852; 7
843; 31
847; 19
845; 32
844; 17
850; 17
849; 28
851; 3
846; 48
842; 25
854; 14
859; 0
856; 3
853; 12
858; 0
857; 0
860; 0
855; 7
861; 4
862; 0
864; 0
865; 0
863; 0
867; 0
866; 0
868; 0
873; 0
870; 1
874; 0
871; 5
869; 20
872; 23
877; 8
876; 4
881; 7
878; 23
879; 9
886; 8
883; 18
891; 3
880; 19
875; 33
885; 15
894; 2
889; 16
887; 39
892; 3
888; 19
884; 24
882; 17
895; 3
896; 13
893; 0
897; 0
898; 0
890; 36
902; 2
901; 13
899; 0
904; 3
905; 0
906; 0
900; 0
903; 6
908; 3
909; 0
907; 0
911; 0
913; 0
910; 14
915; 0
916; 0
914; 2
918; 6
912; 15
917; 0
919; 0
929; 20
921; 35
920; 39
922; 27
931; 15
927; 14
933; 47
937; 23
925; 47
923; 89
938; 76
935; 96
948; 35
928; 95
930; 103
944; 85
945; 88
941; 91
926; 151
958; 65
939; 116
967; 5
952; 67
964; 36
924; 173
932; 174
957; 44
943; 129
959; 90
973; 31
950; 156
942; 142
969; 46
955; 118
962; 48
953; 138
961; 55
947; 178
965; 69
981; 1
963; 99
936; 258
971; 72
954; 145
934; 266
975; 42
951; 210
968; 90
956; 182
940; 284
977; 77
966; 170
986; 17
970; 92
983; 58
987; 32
972; 193
998; 22
988; 30
982; 81
985; 64
980; 109
960; 210
976; 94
990; 67
949; 297
946; 296
978; 93
994; 64
992; 71
979; 172
997; 81
996; 126
984; 171
1000; 98
993; 163
995; 179
999; 207
974; 403
989; 319
991; 388
3; 0
4; 0
2; 0
1; 0
5; 0
10; 0
12; 3
8; 8
6; 2
11; 11
7; 9
14; 3
9; 0
17; 0
19; 0
15; 5
18; 17
13; 21
21; 3
16; 2
22; 11
20; 22
24; 2
23; 0
27; 0
26; 0
30; 0
29; 0
25; 12
28; 13
35; 7
33; 7
34; 15
38; 11
31; 1
36; 0
37; 0
32; 17
43; 3
42; 0
39; 0
41; 0
44; 0
46; 0
40; 0
45; 2
50; 11
58; 5
47; 10
53; 17
54; 7
55; 1
49; 2
57; 15
52; 27
56; 20
48; 1
51; 10
62; 0
64; 11
66; 1
60; 9
59; 14
68; 2
63; 5
61; 20
65; 5
71; 0
72; 0
67; 10
73; 0
70; 0
69; 6
77; 12
75; 17
85; 7
81; 34
76; 48
86; 13
74; 64
80; 48
87; 19
78; 38
83; 55
82; 57
89; 15
90; 24
93; 0
84; 12
91; 0
79; 98
88; 17
94; 4
99; 0
96; 0
92; 3
95; 0
102; 2
100; 7
97; 12
106; 7
98; 22
101; 15
104; 5
109; 1
108; 13
103; 6
105; 15
112; 11
110; 16
107; 23
115; 9
111; 1
117; 1
114; 0
113; 0
116; 3
118; 0
119; 0
123; 0
120; 0
121; 0
128; 0
127; 0
124; 0
125; 0
122; 0
130; 7
131; 5
129; 7
139; 21
134; 37
132; 14
136; 24
135; 11
137; 23
141; 18
142; 30
138; 65
143; 18
126; 72
145; 17
133; 65
155; 31
151; 53
159; 4
144; 42
147; 70
148; 72
162; 8
154; 33
140; 94
152; 48
153; 69
158; 19
163; 24
176; 32
168; 27
175; 37
184; 8
167; 84
187; 16
156; 122
178; 67
174; 77
150; 178
160; 128
173; 93
180; 77
183; 65
172; 103
181; 82
170; 102
190; 49
196; 36
171; 116
199; 13
157; 201
195; 32
149; 282
189; 53
166; 163
206; 13
146; 307
182; 161
207; 19
186; 144
161; 261
215; 3
204; 52
208; 52
165; 276
209; 44
212; 35
205; 59
179; 211
198; 121
192; 132
177; 214
197; 100
203; 58
188; 174
185; 191
164; 283
214; 68
194; 165
169; 286
191; 177
216; 50
210; 129
219; 13
220; 6
201; 135
211; 131
218; 39
221; 40
202; 151
226; 38
224; 52
217; 83
222; 50
225; 46
213; 130
233; 36
223; 52
227; 27
200; 218
231; 72
234; 29
237; 3
230; 68
228; 63
242; 11
236; 17
238; 18
239; 12
229; 60
193; 306
232; 67
241; 4
240; 20
235; 22
243; 6
246; 0
245; 0
244; 8
250; 1
253; 15
252; 1
258; 2
249; 22
260; 2
247; 20
248; 27
259; 0
257; 7
254; 11
263; 0
261; 1
255; 5
262; 0
251; 15
256; 20
265; 7
264; 23
267; 32
275; 8
270; 26
266; 33
268; 7
276; 3
272; 21
271; 3
269; 13
274; 11
279; 0
273; 33
277; 1
280; 0
281; 0
278; 0
286; 0
289; 0
290; 0
282; 4
283; 0
287; 5
284; 2
292; 27
285; 22
291; 27
296; 33
298; 21
304; 18
299; 45
294; 56
288; 48
295; 41
302; 31
308; 10
303; 8
293; 43
301; 56
300; 30
310; 0
297; 32
309; 0
306; 27
307; 7
305; 14
311; 0
314; 0
312; 0
316; 0
313; 2
317; 0
320; 3
319; 5
323; 1
315; 2
322; 8
326; 0
327; 25
325; 28
324; 17
318; 29
329; 3
331; 17
335; 0
321; 34
328; 3
334; 0
332; 11
330; 38
336; 0
337; 0
333; 11
341; 6
339; 1
344; 4
340; 2
347; 6
342; 2
338; 12
345; 19
348; 11
343; 12
346; 28
350; 3
353; 6
351; 10
356; 1
354; 4
352; 8
349; 4
355; 2
357; 2
359; 0
358; 0
361; 8
362; 0
360; 3
363; 2
364; 1
370; 5
369; 11
371; 4
376; 7
365; 16
367; 13
375; 6
366; 22
368; 12
377; 2
373; 10
372; 8
374; 26
379; 0
380; 0
381; 0
382; 1
384; 0
378; 8
383; 0
387; 1
386; 0
385; 0
389; 0
388; 1
390; 0
391; 0
392; 0
393; 0
396; 0
399; 0
397; 1
394; 0
395; 9
403; 20
398; 8
400; 2
405; 21
407; 1
402; 2
401; 14
412; 0
404; 13
408; 2
409; 7
414; 7
406; 0
411; 0
413; 2
415; 0
421; 14
410; 34
422; 33
419; 63
430; 21
416; 60
428; 46
420; 59
429; 46
424; 56
418; 96
432; 20
425; 55
417; 88
436; 32
431; 75
427; 37
423; 53
434; 40
426; 96
437; 14
435; 24
441; 3
449; 4
433; 73
438; 17
442; 20
451; 13
439; 5
446; 26
453; 1
443; 14
445; 6
447; 11
456; 2
458; 7
450; 36
444; 50
448; 37
440; 25
452; 28
461; 32
464; 22
455; 23
459; 27
465; 32
467; 13
463; 22
460; 19
466; 4
468; 14
454; 30
472; 0
457; 20
471; 0
473; 0
462; 43
476; 0
477; 1
469; 3
470; 1
474; 0
481; 0
475; 3
478; 4
485; 8
483; 0
480; 1
482; 0
491; 0
493; 0
487; 9
479; 14
490; 4
494; 3
489; 6
492; 1
486; 4
488; 6
484; 8
496; 8
502; 8
497; 5
495; 23
503; 13
498; 14
499; 13
500; 1
505; 4
501; 12
511; 12
509; 15
504; 25
514; 4
512; 7
506; 22
507; 5
516; 0
508; 7
515; 0
513; 4
510; 1
519; 0
517; 0
521; 0
518; 0
522; 0
523; 0
524; 3
520; 4
525; 7
528; 0
526; 22
530; 13
531; 9
536; 16
534; 25
529; 24
539; 16
527; 42
541; 22
532; 24
538; 22
544; 1
537; 35
542; 23
543; 3
540; 24
535; 61
533; 58
545; 8
550; 9
548; 22
546; 17
551; 8
558; 6
561; 5
547; 35
556; 33
562; 12
554; 9
549; 35
553; 18
563; 10
564; 2
567; 4
557; 19
559; 25
552; 40
566; 7
571; 24
568; 8
575; 5
555; 58
577; 7
565; 10
560; 62
569; 38
572; 9
570; 35
576; 8
573; 13
579; 1
574; 6
586; 22
578; 52
585; 28
580; 57
581; 48
592; 30
593; 16
582; 47
590; 49
583; 62
594; 35
606; 7
597; 28
599; 28
588; 64
602; 19
584; 79
605; 30
604; 29
587; 117
601; 26
607; 19
598; 88
610; 43
611; 11
589; 79
608; 18
595; 89
591; 95
596; 81
623; 13
600; 66
612; 59
603; 87
622; 17
616; 48
609; 68
618; 64
619; 59
624; 27
613; 37
629; 24
628; 30
614; 114
620; 43
621; 78
617; 89
626; 46
636; 10
630; 57
633; 27
615; 106
634; 62
635; 30
638; 25
642; 15
625; 79
627; 87
639; 18
632; 36
637; 39
631; 72
649; 11
657; 4
641; 58
647; 47
646; 45
644; 45
652; 33
645; 43
656; 23
640; 77
648; 77
654; 24
664; 8
643; 74
668; 1
658; 46
659; 16
655; 31
663; 19
667; 13
661; 21
651; 53
662; 22
650; 70
665; 26
670; 7
653; 51
669; 8
676; 1
671; 8
672; 13
674; 5
660; 49
673; 16
666; 43
679; 7
682; 16
675; 48
678; 47
681; 13
680; 31
683; 17
685; 20
677; 31
688; 1
686; 11
691; 1
684; 18
687; 11
693; 7
689; 14
695; 0
692; 6
696; 0
690; 3
697; 0
698; 2
694; 25
703; 5
700; 19
704; 16
701; 27
711; 1
705; 5
699; 25
702; 13
710; 3
709; 4
715; 2
708; 12
713; 10
712; 1
720; 2
707; 13
706; 8
714; 4
721; 0
718; 0
719; 4
717; 0
716; 4
722; 0
723; 0
728; 0
725; 0
724; 0
726; 0
731; 5
737; 2
729; 4
730; 28
727; 68
733; 53
735; 40
739; 31
746; 9
740; 54
734; 93
750; 3
744; 41
747; 38
741; 32
736; 39
742; 43
748; 17
732; 60
751; 0
745; 42
738; 36
743; 68
749; 4
752; 0
753; 0
755; 0
754; 16
762; 8
759; 15
767; 1
756; 34
761; 24
764; 27
763; 18
757; 44
771; 21
777; 27
760; 58
776; 35
769; 38
781; 22
778; 42
765; 68
758; 113
774; 49
783; 44
779; 24
786; 7
768; 107
775; 89
773; 111
789; 41
770; 148
782; 70
784; 42
793; 27
788; 32
791; 54
797; 26
766; 195
790; 75
794; 79
772; 168
792; 68
787; 87
798; 68
799; 50
811; 5
785; 140
805; 42
796; 85
795; 106
807; 55
803; 58
809; 41
801; 103
800; 99
806; 63
780; 257
810; 55
817; 64
813; 46
808; 93
816; 39
822; 33
804; 98
802; 126
828; 7
825; 6
819; 28
829; 3
824; 8
826; 32
815; 65
827; 36
821; 71
842; 7
830; 35
844; 2
823; 75
814; 153
820; 103
837; 54
831; 46
818; 142
832; 48
833; 35
845; 12
838; 72
812; 184
839; 49
834; 73
843; 39
849; 17
850; 18
835; 93
846; 29
847; 30
836; 110
840; 104
852; 11
841; 73
848; 48
853; 17
854; 17
851; 34
855; 6
857; 2
858; 7
856; 5
864; 0
862; 3
861; 3
860; 12
865; 2
859; 12
863; 12
866; 1
867; 1
873; 0
870; 2
868; 5
869; 4
874; 0
872; 1
877; 1
875; 13
879; 0
876; 0
871; 15
881; 11
880; 3
882; 4
878; 2
884; 0
883; 6
886; 0
885; 3
887; 1
893; 1
888; 0
891; 2
889; 0
890; 1
898; 1
897; 8
894; 2
892; 5
895; 0
896; 5
901; 14
902; 11
903; 0
899; 1
900; 6
904; 0
905; 5
909; 3
906; 7
907; 0
911; 2
910; 1
912; 0
913; 2
914; 0
908; 5
918; 0
916; 0
915; 4
917; 0
922; 0
919; 0
921; 0
925; 3
923; 1
927; 0
920; 0
929; 0
928; 0
924; 1
926; 2
935; 10
932; 10
933; 5
930; 2
936; 5
940; 0
931; 3
934; 16
948; 0
937; 47
938; 13
941; 44
950; 38
955; 25
947; 37
954; 11
943; 41
949; 60
939; 48
952; 11
951; 34
945; 17
946; 40
960; 13
953; 60
944; 88
942; 75
959; 14
958; 45
957; 39
956; 38
962; 3
965; 0
964; 2
961; 9
969; 1
963; 0
966; 1
967; 0
968; 0
976; 0
975; 5
984; 5
973; 1
971; 18
978; 12
970; 47
981; 22
979; 33
983; 74
982; 56
995; 18
998; 31
985; 93
997; 65
987; 66
994; 39
980; 126
972; 138
988; 92
992; 64
986; 118
991; 52
999; 94
996; 58
977; 135
990; 94
993; 128
974; 163
1000; 92
989; 103
