1; 0
4; 0
2; 0
5; 0
3; 0
9; 0
6; 0
8; 0
10; 0
14; 0
7; 0
12; 0
11; 0
13; 0
17; 0
16; 0
18; 0
15; 0
19; 0
21; 0
20; 0
22; 0
23; 0
34; 13
35; 12
39; 2
27; 36
41; 13
25; 28
44; 10
29; 82
33; 45
32; 29
47; 3
37; 67
30; 51
36; 54
46; 27
26; 79
24; 75
40; 58
28; 65
42; 33
49; 15
38; 92
48; 15
43; 29
50; 6
51; 4
31; 77
56; 6
52; 7
45; 74
54; 18
53; 8
59; 6
57; 5
67; 5
61; 0
64; 2
62; 19
66; 2
55; 42
58; 16
65; 3
73; 2
68; 1
60; 24
69; 17
72; 3
63; 10
70; 2
75; 0
71; 3
74; 1
77; 22
79; 33
81; 3
82; 7
76; 22
80; 10
83; 8
88; 5
90; 3
85; 8
93; 5
78; 26
84; 15
89; 4
86; 25
87; 1
96; 2
95; 2
91; 9
92; 10
102; 26
94; 26
106; 4
97; 16
99; 30
109; 13
98; 35
108; 2
101; 19
100; 39
110; 8
103; 27
105; 22
104; 29
117; 4
115; 2
107; 52
113; 2
112; 3
120; 0
114; 6
111; 3
121; 0
116; 12
118; 2
119; 0
125; 0
126; 0
124; 0
123; 0
122; 0
129; 0
128; 0
132; 0
133; 9
127; 17
134; 3
142; 3
131; 11
130; 7
136; 12
137; 6
139; 0
140; 12
138; 6
135; 12
144; 0
141; 1
148; 0
145; 0
143; 0
146; 2
155; 5
147; 11
149; 36
151; 21
160; 19
152; 18
154; 45
153; 37
157; 15
150; 45
156; 29
158; 9
162; 6
168; 3
164; 3
166; 5
159; 7
161; 13
163; 4
167; 2
170; 0
165; 5
173; 0
169; 3
172; 0
174; 1
171; 0
175; 0
180; 0
176; 0
178; 0
177; 0
182; 0
181; 2
179; 6
184; 1
186; 1
185; 4
183; 7
187; 0
188; 0
192; 0
195; 4
191; 3
190; 1
189; 0
196; 0
193; 0
197; 0
194; 0
200; 0
204; 18
209; 5
210; 23
202; 38
201; 4
203; 24
207; 28
211; 21
198; 17
199; 31
206; 11
205; 25
214; 0
208; 4
212; 0
218; 1
215; 0
216; 4
217; 2
213; 1
222; 0
219; 0
221; 0
220; 2
225; 0
223; 0
224; 0
226; 0
229; 1
230; 5
234; 1
227; 0
236; 0
228; 10
231; 0
232; 5
233; 3
241; 0
235; 10
244; 1
245; 15
240; 17
239; 11
246; 14
238; 37
237; 58
256; 18
247; 44
249; 21
242; 56
243; 62
262; 10
258; 22
248; 42
260; 32
251; 50
250; 48
254; 44
255; 23
265; 3
253; 37
264; 14
259; 49
267; 8
257; 51
271; 17
261; 34
263; 40
276; 2
269; 16
272; 17
268; 10
273; 23
252; 78
277; 5
266; 33
278; 8
270; 33
279; 0
280; 2
274; 10
285; 0
281; 0
275; 15
284; 0
283; 2
282; 0
286; 0
287; 5
293; 3
290; 0
288; 9
289; 27
291; 27
294; 10
297; 11
292; 12
295; 0
301; 0
303; 0
296; 12
300; 3
299; 2
304; 0
298; 2
302; 1
308; 0
305; 0
310; 0
309; 0
311; 0
307; 0
306; 0
312; 0
314; 0
318; 0
315; 0
313; 0
316; 0
321; 0
317; 0
325; 0
320; 2
328; 7
323; 22
319; 21
326; 8
322; 19
324; 17
329; 15
327; 16
334; 11
331; 26
333; 10
343; 10
337; 25
330; 35
335; 23
342; 18
340; 42
346; 27
344; 16
336; 10
341; 46
349; 15
345; 14
332; 60
339; 36
338; 62
355; 7
350; 27
354; 19
351; 2
359; 0
352; 20
348; 26
357; 15
347; 38
365; 16
368; 12
362; 11
363; 22
370; 11
361; 45
356; 81
373; 21
364; 51
369; 40
358; 76
353; 95
367; 15
360; 59
379; 15
371; 24
374; 31
366; 49
380; 17
389; 3
376; 24
377; 36
383; 3
384; 10
382; 16
390; 11
386; 14
375; 37
381; 16
378; 37
385; 30
372; 58
387; 34
388; 33
394; 12
395; 7
392; 28
393; 3
398; 0
397; 5
391; 17
396; 31
405; 2
400; 11
399; 4
403; 4
404; 20
401; 5
402; 7
406; 9
407; 7
408; 6
410; 19
409; 8
411; 11
415; 3
414; 5
412; 19
417; 0
419; 0
413; 3
418; 0
420; 0
416; 5
422; 0
421; 3
424; 0
425; 0
423; 3
426; 0
428; 0
427; 0
431; 0
432; 8
436; 3
433; 7
429; 0
430; 8
434; 0
435; 4
438; 0
440; 0
437; 0
441; 0
439; 3
442; 0
443; 0
448; 6
444; 0
446; 0
447; 0
445; 0
451; 0
453; 5
454; 0
449; 2
455; 7
458; 10
456; 9
459; 1
461; 3
450; 26
463; 17
462; 34
467; 14
452; 72
457; 65
464; 54
469; 33
477; 3
476; 1
460; 50
465; 48
468; 48
473; 57
478; 8
472; 32
466; 61
470; 65
474; 14
484; 18
471; 80
475; 55
480; 78
496; 10
482; 37
487; 41
490; 72
500; 12
489; 35
502; 17
504; 11
481; 79
498; 26
505; 14
488; 59
483; 76
495; 52
485; 55
493; 74
491; 37
494; 69
506; 14
501; 24
499; 31
509; 6
497; 46
510; 1
512; 12
479; 158
486; 75
517; 11
492; 76
511; 17
518; 17
508; 10
507; 35
531; 2
519; 21
521; 22
516; 51
503; 88
514; 69
525; 79
526; 71
536; 41
522; 97
540; 61
535; 68
527; 96
537; 42
520; 126
534; 88
524; 166
513; 170
530; 134
553; 29
549; 91
544; 77
539; 144
556; 18
532; 132
542; 122
528; 165
538; 142
546; 136
547; 134
548; 121
543; 133
558; 76
541; 198
533; 207
515; 337
572; 44
563; 103
551; 146
545; 227
567; 80
571; 101
529; 325
573; 46
574; 28
561; 111
562; 116
564; 104
579; 45
554; 182
577; 72
523; 345
569; 114
575; 59
584; 29
555; 197
580; 67
557; 172
582; 56
576; 103
570; 132
560; 190
581; 81
559; 207
578; 75
565; 175
588; 23
594; 9
552; 258
590; 46
566; 201
550; 299
568; 171
592; 38
593; 31
591; 37
585; 46
583; 77
597; 11
596; 23
587; 80
589; 80
586; 75
595; 45
598; 0
599; 10
603; 1
601; 0
604; 0
600; 0
605; 0
602; 0
606; 0
609; 0
611; 0
607; 0
608; 0
612; 0
610; 0
615; 0
619; 2
616; 0
613; 0
614; 0
617; 0
618; 0
620; 11
622; 10
621; 6
624; 5
630; 0
623; 9
625; 2
626; 9
629; 5
628; 7
633; 3
627; 5
632; 22
631; 10
634; 7
635; 15
636; 1
638; 23
639; 4
640; 0
637; 7
641; 0
643; 1
644; 0
642; 0
645; 0
646; 0
647; 2
648; 0
651; 2
652; 1
650; 0
649; 0
655; 0
653; 0
656; 0
654; 0
658; 0
660; 0
657; 9
662; 1
661; 0
664; 0
663; 0
659; 3
665; 0
669; 10
666; 0
671; 13
672; 26
681; 11
667; 49
678; 22
670; 19
675; 25
674; 22
685; 6
676; 29
682; 2
673; 33
668; 46
677; 39
680; 11
684; 22
683; 14
679; 5
690; 0
693; 10
689; 1
686; 34
691; 12
692; 33
699; 9
688; 39
687; 31
696; 12
697; 0
698; 11
700; 0
694; 23
695; 46
701; 18
710; 12
703; 11
709; 20
705; 6
706; 26
708; 30
707; 7
702; 19
704; 10
711; 3
712; 0
715; 0
716; 3
713; 10
717; 0
718; 0
714; 0
719; 7
720; 27
731; 16
730; 12
729; 11
725; 5
721; 26
726; 26
724; 28
727; 16
728; 6
723; 26
722; 34
733; 1
734; 0
735; 0
732; 8
736; 0
740; 0
738; 8
742; 0
739; 10
743; 3
750; 4
737; 13
747; 13
744; 11
745; 5
752; 0
741; 8
746; 4
748; 2
755; 0
753; 0
749; 0
754; 1
756; 0
751; 2
760; 0
759; 5
765; 3
758; 5
764; 6
757; 2
766; 0
761; 0
763; 1
762; 0
769; 3
773; 2
771; 18
775; 35
767; 11
774; 29
770; 24
783; 8
780; 5
781; 8
768; 15
776; 17
778; 11
772; 14
791; 2
779; 46
786; 21
782; 31
790; 12
785; 24
797; 10
787; 46
789; 17
795; 31
777; 83
800; 25
796; 45
805; 44
808; 39
784; 83
813; 24
793; 94
792; 86
798; 41
815; 40
802; 53
809; 45
819; 11
804; 45
816; 32
788; 186
803; 86
794; 109
799; 122
811; 66
810; 74
806; 95
823; 29
807; 82
814; 92
818; 66
820; 67
835; 30
812; 107
831; 10
826; 36
834; 25
801; 173
836; 9
829; 47
824; 45
822; 80
825; 106
830; 54
832; 46
833; 35
842; 10
838; 32
817; 151
821; 120
839; 4
828; 35
827; 56
840; 25
845; 16
847; 3
843; 28
841; 42
848; 7
837; 69
850; 18
846; 17
854; 7
844; 28
851; 4
852; 10
849; 16
853; 23
858; 1
859; 35
855; 25
861; 15
860; 14
856; 12
862; 19
864; 3
863; 11
857; 37
865; 10
874; 1
869; 14
873; 1
870; 1
871; 5
866; 8
868; 5
867; 7
875; 2
872; 17
876; 2
878; 0
884; 1
881; 1
880; 0
879; 0
877; 3
882; 3
886; 0
883; 0
890; 0
889; 2
885; 8
887; 6
888; 4
894; 14
891; 8
898; 7
892; 31
895; 10
893; 18
896; 19
900; 4
903; 0
907; 0
897; 17
899; 5
904; 1
917; 6
910; 13
901; 12
906; 1
902; 8
912; 21
909; 15
908; 36
914; 43
924; 33
922; 62
915; 59
905; 57
916; 76
925; 27
911; 45
919; 89
934; 37
929; 81
930; 75
943; 43
950; 52
942; 34
960; 3
948; 41
931; 153
923; 164
928; 147
949; 61
936; 118
962; 27
944; 80
926; 184
921; 164
938; 132
958; 45
970; 14
965; 92
932; 227
952; 152
964; 71
927; 241
954; 116
941; 171
972; 23
918; 248
935; 217
947; 176
974; 25
937; 274
933; 310
956; 205
963; 125
939; 284
920; 321
969; 94
959; 178
913; 394
951; 272
957; 204
946; 263
967; 161
961; 224
975; 115
979; 70
989; 55
988; 58
980; 86
945; 326
966; 191
977; 132
983; 120
968; 192
981; 106
992; 61
953; 310
991; 48
993; 47
955; 284
986; 83
978; 157
990; 107
985; 97
976; 148
982; 108
971; 186
996; 3
999; 7
997; 4
987; 120
984; 80
1000; 0
973; 171
998; 11
940; 399
995; 22
994; 30
3; 0
6; 0
4; 0
2; 0
5; 0
1; 0
8; 0
12; 8
9; 3
14; 14
11; 6
16; 8
17; 0
20; 2
15; 12
7; 27
10; 16
18; 1
13; 17
22; 0
19; 1
24; 1
26; 4
21; 0
23; 0
25; 0
29; 0
30; 0
32; 1
33; 0
28; 3
27; 6
35; 5
37; 8
34; 3
31; 8
41; 0
36; 4
44; 2
39; 1
40; 1
38; 0
43; 2
42; 0
45; 0
49; 0
46; 0
48; 0
47; 0
50; 0
55; 0
51; 0
53; 1
56; 1
52; 3
54; 0
57; 3
58; 3
59; 0
60; 6
61; 11
72; 1
70; 1
66; 3
65; 22
63; 13
64; 2
62; 9
69; 22
67; 18
68; 28
79; 16
73; 7
71; 15
77; 2
74; 2
76; 2
78; 0
75; 11
85; 22
81; 16
80; 30
84; 18
91; 34
86; 47
94; 5
82; 46
83; 36
87; 73
89; 34
93; 10
90; 37
88; 50
92; 34
96; 0
103; 0
95; 6
101; 0
98; 2
100; 7
104; 0
105; 3
106; 14
99; 17
108; 0
107; 4
97; 30
111; 1
114; 13
117; 9
115; 10
109; 18
102; 32
113; 24
110; 8
118; 0
123; 0
116; 12
119; 12
112; 13
121; 0
120; 4
128; 0
126; 8
122; 0
125; 0
124; 0
127; 2
130; 0
131; 0
136; 1
133; 6
129; 14
142; 15
132; 35
137; 47
141; 46
157; 8
140; 83
161; 7
139; 76
163; 27
135; 106
144; 52
147; 93
145; 62
134; 134
154; 105
168; 38
146; 112
143; 107
170; 19
159; 108
160; 103
149; 118
156; 99
162; 107
150; 155
153; 126
169; 88
172; 45
165; 116
152; 124
174; 17
166; 78
175; 24
155; 130
164; 134
158; 145
167; 88
138; 164
178; 52
171; 76
176; 46
177; 47
180; 20
148; 159
179; 30
151; 193
181; 40
186; 32
183; 23
190; 1
185; 40
188; 14
184; 43
192; 21
173; 106
182; 46
191; 26
198; 21
189; 33
201; 15
187; 61
194; 61
205; 26
193; 77
197; 33
196; 46
202; 42
199; 49
195; 71
212; 4
204; 27
203; 48
206; 44
211; 12
208; 55
200; 36
209; 24
213; 26
214; 25
207; 56
216; 14
215; 34
210; 67
217; 18
221; 37
220; 12
222; 6
218; 21
223; 26
225; 1
219; 7
226; 0
224; 15
227; 0
229; 0
249; 0
239; 80
250; 30
241; 59
243; 46
233; 88
232; 90
234; 66
236; 70
245; 64
235; 112
251; 52
252; 37
253; 13
237; 89
244; 72
242; 86
248; 74
247; 83
228; 96
238; 111
255; 34
231; 89
261; 1
254; 42
246; 104
258; 8
240; 79
230; 119
256; 21
259; 9
257; 21
260; 2
262; 0
264; 2
263; 10
266; 4
267; 0
265; 10
272; 5
269; 3
270; 1
271; 9
273; 0
268; 15
274; 5
281; 7
282; 9
279; 12
278; 1
275; 19
283; 3
286; 1
277; 5
280; 14
289; 0
285; 18
276; 31
284; 11
287; 12
293; 19
299; 13
294; 36
296; 9
290; 21
300; 19
291; 27
295; 22
292; 25
288; 27
310; 4
301; 30
298; 13
302; 24
303; 13
297; 23
305; 18
307; 7
306; 1
309; 4
304; 25
311; 9
315; 3
308; 6
313; 1
314; 1
316; 5
312; 1
321; 9
317; 41
323; 13
320; 43
334; 10
336; 3
332; 11
335; 23
326; 47
342; 10
322; 78
338; 37
328; 30
325; 89
319; 64
337; 32
318; 97
327; 63
324; 74
330; 45
346; 1
331; 58
329; 66
339; 9
349; 6
343; 20
333; 50
344; 23
345; 3
341; 19
348; 13
340; 70
353; 6
347; 9
359; 7
351; 24
350; 6
354; 54
355; 38
358; 45
352; 42
364; 77
372; 27
365; 111
389; 29
399; 1
361; 110
381; 62
357; 115
368; 97
362; 117
395; 56
393; 36
379; 123
369; 139
370; 151
366; 175
360; 234
402; 51
387; 84
390; 84
373; 159
367; 202
396; 105
356; 276
376; 172
398; 122
400; 96
405; 89
408; 102
382; 253
415; 62
419; 41
388; 176
375; 252
377; 234
410; 110
392; 183
413; 84
391; 196
363; 315
411; 142
394; 227
409; 160
403; 163
424; 21
406; 132
418; 48
417; 105
384; 260
371; 278
374; 261
416; 80
378; 271
401; 181
385; 199
407; 118
423; 23
420; 43
412; 112
383; 276
428; 15
386; 271
397; 247
435; 5
431; 19
429; 12
404; 211
380; 346
436; 6
430; 18
438; 14
414; 146
422; 62
421; 81
426; 28
432; 15
439; 3
427; 39
443; 8
445; 24
448; 18
433; 67
444; 25
441; 5
446; 20
437; 14
451; 16
434; 48
450; 5
453; 5
425; 51
449; 20
442; 27
452; 14
458; 9
440; 22
454; 5
460; 4
456; 5
447; 37
461; 1
459; 15
455; 8
457; 1
463; 11
469; 14
462; 60
472; 43
470; 37
467; 18
464; 45
474; 46
468; 54
475; 14
477; 26
465; 42
484; 2
483; 13
485; 4
471; 70
494; 2
479; 18
480; 28
488; 7
486; 24
478; 25
496; 2
493; 5
495; 15
487; 23
466; 76
490; 16
492; 18
482; 62
489; 6
473; 74
476; 46
497; 7
481; 36
491; 24
501; 3
503; 7
506; 11
500; 27
504; 13
505; 49
509; 35
498; 44
502; 35
513; 3
512; 15
507; 37
511; 21
510; 28
499; 32
508; 21
514; 4
515; 13
516; 3
518; 9
519; 6
527; 13
523; 11
533; 19
532; 23
526; 39
521; 52
528; 22
534; 7
522; 69
517; 59
531; 16
537; 27
520; 77
524; 46
538; 18
529; 50
540; 13
535; 23
525; 48
545; 1
536; 48
539; 35
542; 18
547; 20
546; 8
543; 13
553; 1
548; 50
552; 30
530; 115
556; 19
541; 49
557; 14
555; 43
544; 57
551; 21
563; 16
549; 42
554; 26
567; 1
565; 5
564; 58
559; 57
550; 87
562; 49
558; 41
569; 20
566; 31
560; 45
561; 41
571; 7
572; 4
573; 3
568; 5
577; 0
574; 1
582; 0
576; 16
578; 13
570; 25
581; 4
579; 29
591; 57
580; 93
587; 73
596; 21
589; 71
600; 8
588; 86
592; 34
590; 74
584; 71
583; 81
597; 37
586; 114
585; 62
594; 60
593; 45
603; 15
575; 136
606; 5
598; 34
599; 27
595; 39
609; 1
607; 4
601; 9
605; 8
602; 2
608; 0
610; 0
604; 4
611; 0
612; 0
619; 12
616; 7
620; 4
617; 11
618; 0
615; 0
614; 0
613; 6
621; 14
630; 2
624; 1
627; 15
623; 9
622; 18
628; 8
626; 6
629; 7
625; 2
636; 0
632; 5
638; 0
631; 1
633; 13
639; 0
635; 5
642; 0
641; 33
637; 40
640; 37
647; 26
649; 20
643; 9
646; 30
650; 31
653; 13
634; 62
654; 7
656; 2
648; 13
644; 25
652; 2
651; 15
659; 0
645; 47
657; 0
658; 0
660; 0
655; 0
664; 0
665; 0
661; 7
667; 15
666; 14
662; 9
663; 22
673; 23
668; 21
670; 20
674; 11
675; 6
679; 7
669; 11
678; 5
676; 9
672; 34
677; 11
671; 61
683; 0
682; 22
685; 58
686; 45
681; 69
692; 39
695; 27
684; 63
707; 11
693; 41
680; 98
697; 70
699; 33
704; 49
698; 86
694; 109
706; 71
701; 85
710; 43
714; 17
711; 38
705; 87
700; 101
696; 118
713; 46
688; 173
715; 95
728; 29
702; 165
691; 195
689; 190
690; 204
718; 105
708; 173
703; 175
720; 88
717; 111
719; 84
716; 139
722; 64
687; 259
709; 173
712; 126
725; 64
724; 75
733; 17
730; 32
731; 19
732; 42
723; 84
735; 21
727; 65
738; 33
734; 52
739; 42
748; 5
744; 24
721; 134
747; 8
742; 49
737; 69
746; 46
741; 31
749; 26
752; 28
729; 92
745; 36
726; 172
743; 34
758; 24
753; 37
755; 26
750; 56
754; 10
759; 21
740; 60
736; 130
766; 16
757; 16
763; 19
756; 35
760; 25
751; 54
765; 13
767; 30
762; 29
761; 46
768; 1
764; 16
774; 0
769; 2
771; 3
772; 0
770; 19
775; 0
773; 0
776; 10
780; 3
785; 9
783; 6
782; 32
781; 57
777; 47
778; 51
784; 52
787; 44
789; 59
779; 114
807; 13
788; 95
791; 64
802; 34
795; 25
786; 81
798; 41
796; 55
794; 79
810; 22
790; 139
799; 51
801; 58
808; 36
811; 15
813; 16
797; 76
800; 98
792; 144
793; 169
804; 82
805; 71
806; 74
809; 45
803; 74
816; 2
812; 39
818; 0
815; 29
814; 34
817; 0
822; 8
821; 1
826; 0
819; 7
828; 0
820; 2
823; 0
824; 0
827; 0
825; 0
829; 0
831; 0
830; 0
833; 0
845; 1
834; 7
839; 17
832; 49
846; 4
841; 10
838; 84
848; 65
836; 51
843; 77
852; 9
853; 10
835; 75
851; 16
856; 25
850; 32
855; 25
840; 90
842; 82
847; 59
849; 61
854; 32
857; 12
862; 8
837; 83
864; 2
860; 7
858; 22
865; 0
863; 5
867; 0
861; 5
844; 90
859; 4
866; 0
870; 0
869; 10
871; 6
868; 5
873; 0
874; 3
877; 0
875; 0
876; 0
872; 0
878; 0
881; 0
883; 0
879; 3
885; 3
880; 1
882; 4
884; 2
886; 12
887; 7
890; 4
888; 5
891; 4
897; 0
892; 1
889; 9
901; 5
893; 2
898; 3
895; 1
899; 0
896; 0
903; 4
908; 5
894; 7
900; 5
904; 2
902; 3
907; 4
906; 3
911; 0
912; 0
910; 8
909; 2
905; 0
914; 0
925; 7
922; 22
918; 21
921; 24
915; 35
926; 7
920; 37
924; 19
930; 0
916; 23
917; 20
923; 15
929; 0
913; 60
919; 39
932; 4
938; 5
939; 4
927; 38
928; 20
942; 0
940; 4
934; 20
933; 14
935; 4
937; 8
931; 23
943; 0
936; 4
945; 0
941; 0
952; 0
944; 0
951; 8
947; 15
946; 11
950; 14
955; 7
953; 14
948; 45
960; 28
949; 42
966; 4
965; 15
957; 25
958; 35
962; 33
959; 64
956; 49
969; 24
963; 47
964; 49
954; 83
968; 27
971; 46
978; 26
973; 53
976; 11
967; 50
979; 18
972; 90
975; 65
961; 117
984; 44
980; 50
982; 53
993; 12
981; 65
988; 78
991; 61
977; 59
998; 24
970; 158
986; 106
999; 33
989; 77
995; 111
974; 171
990; 113
987; 152
996; 112
1000; 101
985; 152
994; 180
983; 212
992; 153
997; 129
1; 0
2; 0
3; 0
6; 4
8; 7
7; 22
11; 4
14; 35
9; 20
15; 33
5; 38
12; 25
4; 55
18; 43
23; 11
13; 50
19; 22
16; 39
10; 67
17; 37
26; 14
27; 6
25; 12
20; 27
29; 10
21; 34
24; 19
30; 6
28; 6
22; 20
32; 2
31; 6
33; 0
36; 1
35; 0
34; 0
41; 0
38; 5
42; 9
40; 14
44; 26
54; 29
57; 38
56; 20
61; 58
46; 83
52; 64
39; 80
55; 71
47; 117
51; 130
50; 103
66; 55
67; 21
76; 6
49; 119
58; 75
59; 70
74; 8
70; 19
48; 125
43; 152
77; 26
53; 95
63; 110
69; 77
65; 106
75; 45
68; 75
71; 56
79; 47
72; 41
62; 102
82; 29
64; 112
78; 36
80; 24
37; 230
60; 138
81; 32
45; 196
73; 40
85; 13
83; 19
88; 0
84; 23
89; 0
86; 3
87; 8
93; 4
91; 0
94; 0
90; 2
95; 0
92; 9
96; 0
98; 0
97; 0
101; 0
99; 0
100; 0
102; 0
105; 0
107; 0
103; 0
104; 0
109; 0
106; 0
108; 0
110; 0
111; 0
112; 0
113; 1
118; 5
117; 3
120; 1
114; 1
115; 2
122; 2
116; 5
121; 14
119; 3
123; 10
124; 0
129; 0
128; 0
126; 2
132; 14
133; 14
131; 50
125; 42
140; 38
130; 75
127; 48
138; 52
143; 11
135; 23
134; 71
144; 15
141; 18
147; 0
148; 0
145; 14
142; 19
137; 42
139; 45
146; 4
136; 48
154; 0
152; 6
150; 4
149; 3
151; 0
156; 0
157; 0
155; 0
153; 10
158; 0
159; 0
166; 12
164; 14
161; 20
170; 31
160; 30
163; 20
175; 40
167; 63
162; 49
169; 42
165; 65
171; 61
176; 59
177; 43
172; 81
178; 73
192; 22
180; 59
185; 45
182; 70
179; 87
168; 108
189; 21
183; 40
181; 74
173; 81
187; 47
190; 53
174; 102
188; 72
191; 88
194; 5
193; 54
203; 28
184; 110
202; 12
195; 41
197; 37
200; 42
186; 128
199; 28
201; 61
198; 42
206; 13
217; 8
205; 31
209; 32
196; 77
204; 46
221; 4
222; 6
207; 61
208; 64
210; 58
226; 31
214; 74
216; 68
212; 76
218; 87
215; 84
211; 122
229; 12
225; 54
213; 91
219; 97
224; 88
232; 15
235; 6
228; 53
236; 16
227; 71
231; 36
230; 26
233; 57
220; 109
234; 49
223; 90
238; 0
240; 0
239; 0
237; 0
241; 0
245; 1
244; 4
242; 3
243; 4
252; 4
251; 8
248; 3
247; 2
256; 3
249; 15
250; 11
257; 2
246; 14
254; 5
253; 3
258; 0
255; 0
260; 0
259; 0
263; 0
261; 0
262; 0
266; 0
265; 0
267; 0
264; 13
278; 2
268; 5
275; 10
276; 13
274; 28
270; 36
272; 48
271; 71
282; 4
281; 25
269; 60
286; 26
279; 43
285; 47
273; 81
290; 17
277; 66
280; 52
283; 35
295; 8
288; 18
298; 0
287; 36
293; 1
292; 8
291; 7
289; 16
284; 48
299; 0
296; 3
297; 0
300; 0
294; 2
301; 0
304; 0
302; 0
303; 1
308; 5
312; 2
309; 5
314; 4
318; 4
305; 14
313; 7
323; 16
307; 24
310; 37
326; 4
317; 26
306; 26
316; 29
320; 19
315; 30
329; 9
324; 26
311; 56
322; 39
321; 22
319; 40
333; 1
327; 11
328; 19
331; 7
325; 26
339; 0
335; 27
332; 9
330; 11
336; 10
334; 12
344; 7
337; 20
341; 10
345; 0
342; 9
338; 18
346; 3
351; 0
343; 12
340; 18
354; 0
352; 1
347; 3
349; 0
350; 0
353; 0
348; 6
355; 3
358; 0
356; 3
357; 7
363; 4
359; 1
360; 20
362; 3
366; 0
365; 0
364; 0
367; 0
361; 3
368; 0
370; 3
375; 0
369; 3
378; 16
372; 8
373; 8
374; 6
379; 1
380; 17
385; 10
382; 22
376; 25
389; 11
371; 14
386; 12
381; 50
388; 7
377; 45
384; 29
390; 11
387; 21
391; 11
383; 37
392; 8
396; 0
394; 1
395; 0
397; 0
393; 8
401; 3
398; 3
399; 0
407; 0
403; 0
406; 0
402; 6
404; 10
405; 7
410; 9
400; 12
408; 1
409; 5
416; 1
412; 7
413; 0
414; 0
415; 9
411; 4
421; 0
417; 4
418; 0
420; 0
422; 0
419; 0
424; 0
427; 0
426; 0
425; 0
423; 8
430; 16
429; 6
435; 0
428; 14
431; 5
432; 6
433; 6
442; 3
441; 5
437; 3
436; 0
434; 18
439; 4
443; 0
440; 1
438; 9
444; 0
446; 0
448; 0
447; 5
455; 8
445; 19
454; 5
452; 38
453; 14
450; 14
449; 22
456; 13
457; 7
451; 36
461; 5
458; 8
459; 4
460; 13
466; 2
467; 0
469; 0
465; 2
463; 4
468; 0
462; 7
464; 2
471; 3
470; 4
476; 2
478; 5
474; 1
475; 0
472; 8
481; 0
473; 13
479; 3
480; 5
484; 6
485; 1
477; 13
486; 4
483; 3
488; 2
482; 1
487; 8
490; 0
492; 1
489; 3
497; 1
491; 9
494; 0
495; 4
496; 0
493; 0
498; 0
503; 0
504; 0
499; 0
507; 0
501; 49
511; 29
508; 58
515; 45
520; 34
521; 25
505; 55
527; 23
526; 38
524; 24
510; 119
516; 77
522; 42
512; 90
518; 95
535; 8
513; 89
528; 25
500; 159
506; 90
519; 90
533; 23
502; 139
525; 38
530; 36
523; 86
532; 35
534; 13
537; 0
509; 164
531; 34
540; 0
539; 0
536; 5
529; 42
517; 106
538; 0
514; 161
547; 14
541; 0
542; 4
546; 6
544; 18
543; 12
545; 1
552; 0
548; 15
549; 2
550; 0
554; 0
551; 1
556; 2
553; 16
561; 4
562; 1
555; 9
560; 6
557; 8
565; 0
563; 0
564; 0
559; 8
558; 4
566; 1
567; 0
569; 0
568; 0
571; 0
570; 0
573; 0
583; 3
578; 1
576; 22
572; 11
574; 12
577; 4
575; 6
584; 10
585; 10
589; 2
582; 25
579; 50
595; 7
580; 45
590; 5
594; 25
588; 47
591; 44
602; 23
601; 6
581; 56
593; 37
596; 11
597; 21
586; 43
587; 33
599; 2
598; 21
592; 29
603; 22
606; 0
609; 6
610; 4
600; 15
605; 1
614; 8
607; 9
604; 26
608; 21
611; 17
612; 32
618; 3
619; 4
622; 6
613; 15
617; 18
624; 1
616; 13
630; 5
631; 8
623; 22
620; 46
633; 27
634; 26
625; 21
615; 53
640; 5
627; 32
636; 6
629; 33
628; 11
635; 22
638; 4
621; 89
647; 2
639; 40
644; 43
626; 56
645; 37
637; 40
641; 63
652; 57
648; 44
664; 8
642; 80
651; 48
656; 35
655; 53
650; 45
654; 71
663; 14
670; 0
657; 72
660; 39
649; 92
658; 55
661; 65
662; 60
659; 70
646; 154
672; 18
653; 108
667; 21
632; 224
643; 149
671; 16
673; 14
677; 32
679; 15
665; 75
666; 81
674; 22
682; 2
675; 25
680; 17
669; 77
668; 65
684; 1
676; 6
681; 14
678; 6
683; 18
686; 1
693; 1
691; 4
685; 12
688; 24
690; 17
687; 35
696; 31
698; 8
689; 23
701; 7
692; 22
694; 8
700; 26
703; 0
697; 34
704; 3
702; 0
699; 20
695; 15
707; 1
705; 3
708; 2
706; 42
713; 9
711; 17
714; 39
715; 13
725; 4
709; 44
712; 46
721; 17
722; 27
728; 17
719; 30
717; 45
716; 75
723; 57
732; 16
733; 9
710; 113
718; 47
724; 37
729; 15
727; 25
720; 84
726; 25
730; 4
731; 12
734; 0
737; 0
740; 0
739; 2
738; 5
743; 1
746; 0
742; 3
745; 6
741; 0
736; 11
748; 1
751; 0
747; 0
735; 11
744; 5
749; 1
755; 0
756; 0
752; 0
754; 1
753; 0
759; 2
758; 0
750; 1
761; 0
763; 0
757; 6
764; 11
769; 0
762; 19
768; 17
760; 2
765; 1
770; 0
767; 6
766; 0
772; 2
773; 0
771; 0
774; 0
775; 2
776; 0
777; 0
778; 2
779; 7
787; 0
783; 0
785; 2
782; 10
786; 9
780; 11
792; 7
788; 8
781; 45
800; 24
789; 38
801; 31
791; 61
794; 29
798; 36
802; 24
799; 46
790; 97
796; 66
784; 93
808; 70
812; 31
795; 103
804; 91
793; 145
803; 62
805; 51
810; 39
815; 32
807; 89
813; 16
797; 127
806; 66
809; 93
816; 38
818; 3
819; 0
823; 0
811; 48
817; 38
822; 8
821; 4
814; 28
820; 2
827; 0
826; 0
825; 0
824; 0
829; 0
828; 0
831; 0
832; 0
835; 0
833; 0
837; 0
834; 0
836; 0
830; 0
840; 0
844; 3
838; 16
845; 6
846; 6
841; 1
847; 1
842; 4
843; 2
839; 1
849; 0
848; 0
850; 0
851; 0
854; 0
853; 0
852; 0
856; 0
855; 5
858; 0
859; 0
857; 0
860; 0
863; 0
865; 0
861; 0
864; 0
862; 0
868; 0
870; 5
869; 0
866; 0
867; 0
874; 0
871; 0
873; 0
872; 0
879; 12
880; 4
876; 3
885; 3
877; 4
883; 2
882; 17
881; 18
875; 19
888; 0
884; 2
878; 7
887; 11
892; 4
886; 1
894; 5
893; 0
890; 9
895; 5
891; 4
889; 7
909; 26
901; 27
902; 53
921; 15
905; 63
906; 72
896; 73
897; 88
912; 67
898; 66
928; 1
918; 31
904; 108
899; 112
903; 77
914; 85
916; 66
919; 92
908; 120
930; 16
936; 7
917; 94
923; 94
907; 182
915; 133
922; 108
913; 146
935; 16
910; 142
938; 16
900; 161
929; 52
911; 179
924; 107
942; 1
939; 19
931; 66
934; 51
925; 132
920; 135
927; 88
926; 86
932; 63
937; 15
940; 7
943; 14
944; 0
946; 0
945; 0
941; 1
933; 55
947; 1
950; 0
948; 0
956; 5
954; 0
949; 0
953; 17
960; 0
957; 1
951; 9
962; 1
961; 13
952; 18
955; 17
968; 0
966; 3
973; 0
969; 1
964; 11
963; 6
959; 18
970; 11
958; 17
965; 26
971; 21
972; 16
967; 25
974; 9
978; 12
977; 20
976; 13
980; 0
982; 13
981; 9
975; 49
989; 22
993; 11
987; 22
990; 14
991; 16
988; 18
994; 8
986; 17
984; 35
979; 50
998; 15
1000; 1
996; 13
983; 37
985; 42
995; 23
997; 20
992; 33
999; 24
1; 0
2; 0
3; 8
4; 4
12; 1
6; 9
5; 2
8; 1
11; 6
7; 2
9; 6
10; 11
13; 0
14; 0
17; 0
15; 0
16; 0
18; 0
20; 8
23; 0
21; 2
19; 6
25; 8
30; 8
24; 15
28; 5
22; 21
32; 15
29; 13
34; 5
31; 12
26; 29
38; 5
27; 53
39; 6
35; 24
36; 11
40; 8
33; 21
43; 1
42; 0
37; 4
45; 0
46; 0
44; 2
41; 0
47; 0
50; 0
52; 2
55; 0
49; 0
48; 1
51; 4
54; 2
57; 0
60; 0
56; 0
53; 2
58; 0
63; 0
59; 0
64; 0
61; 0
65; 3
68; 2
62; 5
70; 4
66; 15
71; 0
73; 10
76; 17
82; 22
78; 42
80; 13
69; 47
67; 66
75; 39
74; 43
79; 36
72; 51
84; 25
77; 44
83; 32
81; 53
85; 14
87; 23
93; 2
86; 70
94; 35
90; 37
100; 24
96; 29
88; 33
91; 42
95; 26
106; 29
113; 2
107; 24
102; 25
101; 32
98; 25
115; 4
111; 7
89; 52
99; 34
103; 33
97; 56
109; 48
105; 47
114; 11
112; 12
108; 25
117; 2
110; 39
92; 80
104; 38
119; 0
118; 1
120; 0
116; 19
121; 10
125; 26
127; 13
133; 26
126; 43
134; 16
135; 32
122; 26
138; 1
140; 5
128; 52
130; 33
129; 22
123; 69
124; 32
136; 31
132; 41
143; 8
142; 12
131; 57
145; 3
144; 6
141; 3
137; 23
146; 18
147; 0
139; 20
150; 0
148; 0
151; 0
152; 0
149; 3
154; 0
153; 0
155; 0
156; 13
159; 2
165; 24
158; 26
162; 29
167; 5
164; 3
161; 16
169; 10
157; 37
168; 20
160; 40
163; 25
166; 15
175; 6
174; 18
173; 5
170; 28
171; 15
178; 6
180; 15
176; 20
179; 37
191; 45
181; 48
201; 6
198; 34
186; 93
177; 118
172; 117
184; 60
195; 37
209; 34
182; 164
203; 41
212; 28
194; 78
192; 123
204; 56
189; 108
190; 112
188; 98
183; 144
213; 38
187; 102
211; 73
215; 35
197; 94
220; 41
219; 42
185; 189
216; 39
193; 158
200; 94
199; 164
218; 74
217; 69
214; 66
210; 108
196; 139
206; 108
208; 106
202; 129
225; 2
226; 0
222; 9
221; 29
223; 2
207; 110
224; 2
227; 0
231; 1
205; 127
229; 0
228; 1
237; 0
230; 0
236; 2
234; 6
238; 3
233; 42
239; 0
235; 22
232; 34
242; 12
248; 2
246; 6
240; 26
244; 29
241; 32
245; 17
247; 9
243; 7
249; 2
252; 0
250; 2
256; 5
260; 10
257; 3
251; 1
262; 1
253; 4
258; 1
261; 0
263; 0
264; 0
254; 3
259; 7
255; 3
265; 0
268; 0
266; 0
269; 0
267; 0
274; 0
272; 4
275; 5
271; 4
279; 11
276; 3
278; 17
270; 27
280; 1
277; 7
285; 26
273; 26
287; 0
289; 13
284; 32
281; 24
282; 15
292; 0
283; 34
291; 19
286; 9
295; 9
296; 20
288; 39
294; 18
299; 2
297; 12
302; 0
293; 15
290; 12
305; 8
307; 26
313; 15
303; 37
308; 32
304; 31
316; 17
300; 51
301; 15
309; 44
298; 35
310; 16
312; 20
320; 4
318; 27
311; 22
306; 68
315; 24
319; 13
322; 15
317; 27
314; 15
321; 4
325; 0
324; 2
328; 0
326; 3
323; 5
341; 6
336; 43
351; 14
347; 44
340; 66
338; 69
361; 15
332; 77
345; 89
331; 75
352; 47
330; 102
362; 21
348; 52
327; 144
363; 42
354; 72
350; 99
337; 124
335; 143
344; 137
346; 113
342; 125
349; 152
333; 196
339; 207
360; 143
364; 137
357; 134
372; 75
334; 216
355; 159
343; 207
368; 110
329; 269
353; 177
370; 127
386; 12
377; 63
375; 50
371; 103
388; 2
369; 136
358; 175
376; 108
381; 84
365; 164
373; 103
379; 67
374; 141
380; 77
389; 52
382; 92
387; 74
384; 102
397; 46
366; 266
391; 108
394; 93
359; 299
409; 69
400; 83
396; 110
367; 375
392; 140
385; 202
408; 85
404; 108
401; 154
383; 260
378; 282
405; 132
411; 80
395; 175
399; 156
424; 43
428; 39
403; 116
419; 100
412; 138
356; 446
436; 29
416; 110
398; 254
429; 67
417; 114
415; 117
406; 182
420; 123
407; 182
430; 83
435; 45
390; 270
433; 46
402; 198
438; 34
434; 100
427; 112
414; 239
441; 38
426; 109
422; 157
418; 199
425; 159
432; 116
423; 191
437; 46
413; 253
440; 37
445; 48
393; 338
446; 43
443; 45
410; 235
431; 153
447; 10
453; 7
461; 0
449; 29
459; 17
452; 11
448; 43
442; 95
444; 79
421; 241
455; 4
454; 60
456; 38
451; 51
458; 9
450; 93
457; 32
460; 17
462; 35
439; 139
467; 11
463; 20
465; 2
466; 4
464; 2
471; 3
468; 4
472; 4
473; 3
475; 1
469; 13
470; 4
476; 2
474; 12
479; 0
478; 8
477; 5
480; 5
484; 1
481; 2
483; 0
482; 7
485; 9
488; 15
486; 6
496; 8
492; 10
487; 34
500; 6
491; 44
498; 51
489; 43
490; 35
494; 47
502; 51
495; 56
504; 24
506; 33
497; 46
510; 11
499; 44
503; 33
507; 17
493; 50
501; 38
508; 24
511; 0
515; 0
509; 46
505; 47
513; 23
512; 13
519; 16
517; 10
514; 9
522; 10
518; 14
516; 26
520; 8
530; 1
523; 4
528; 3
524; 16
527; 2
529; 1
521; 12
525; 15
534; 0
526; 24
532; 5
531; 16
533; 12
536; 0
535; 0
540; 0
538; 0
539; 2
537; 0
542; 0
541; 0
544; 0
545; 0
543; 0
551; 0
548; 0
549; 0
552; 1
546; 16
561; 16
550; 39
547; 26
555; 31
562; 13
560; 26
557; 23
559; 28
554; 11
558; 53
556; 38
567; 10
564; 21
553; 49
568; 12
563; 12
565; 14
566; 9
570; 2
569; 13
574; 0
573; 16
582; 0
572; 22
575; 0
583; 0
571; 40
584; 8
576; 26
585; 26
580; 42
581; 44
578; 51
579; 62
587; 41
596; 22
597; 7
577; 78
601; 50
590; 68
598; 41
588; 97
614; 19
595; 56
599; 55
610; 23
592; 87
586; 146
629; 24
626; 3
617; 87
634; 18
613; 93
608; 98
635; 33
631; 55
594; 167
636; 20
603; 194
620; 135
589; 227
606; 175
611; 171
616; 98
615; 126
605; 185
607; 184
630; 98
627; 127
619; 157
593; 267
602; 242
652; 0
618; 152
646; 33
621; 151
641; 86
642; 73
623; 206
604; 250
632; 191
643; 84
600; 323
628; 188
625; 209
644; 99
640; 112
639; 147
622; 227
638; 154
591; 352
648; 69
645; 151
633; 181
612; 308
654; 29
649; 92
650; 74
637; 175
647; 106
663; 45
653; 92
655; 71
651; 97
609; 317
671; 8
665; 37
661; 64
658; 23
656; 110
624; 287
669; 19
662; 39
668; 28
666; 35
660; 51
657; 120
664; 48
659; 73
667; 6
674; 8
677; 0
683; 0
670; 21
672; 14
676; 2
681; 6
678; 7
673; 5
679; 0
682; 5
685; 5
680; 5
686; 5
675; 11
687; 0
684; 2
688; 2
693; 2
689; 0
691; 0
692; 0
694; 0
695; 2
690; 4
697; 0
696; 1
705; 4
701; 24
698; 34
702; 6
704; 40
709; 44
707; 27
703; 39
700; 74
717; 60
712; 35
723; 17
708; 61
706; 59
711; 77
721; 61
714; 43
722; 25
716; 69
710; 116
734; 1
713; 106
726; 54
699; 127
719; 93
733; 53
732; 29
720; 90
736; 44
725; 83
718; 75
724; 62
728; 66
739; 22
731; 55
730; 75
735; 6
715; 145
738; 21
727; 106
741; 22
729; 86
740; 27
743; 6
744; 26
742; 19
754; 28
751; 32
747; 68
749; 34
745; 68
737; 164
750; 63
769; 28
761; 56
748; 62
768; 40
756; 57
766; 61
758; 64
757; 117
760; 73
759; 74
746; 107
774; 7
753; 128
755; 85
772; 39
773; 18
775; 7
779; 5
765; 45
767; 32
776; 7
770; 37
752; 143
771; 38
763; 55
764; 61
762; 83
777; 15
778; 17
780; 6
782; 2
784; 3
781; 1
783; 10
785; 6
787; 0
789; 0
788; 0
786; 0
791; 0
792; 0
796; 2
801; 1
803; 27
797; 15
805; 44
799; 74
811; 36
798; 30
802; 60
807; 28
800; 66
804; 35
821; 1
794; 95
812; 41
790; 86
814; 42
795; 81
815; 39
806; 114
818; 53
817; 72
813; 64
809; 108
816; 36
830; 1
808; 106
827; 9
793; 152
810; 108
825; 57
824; 37
832; 25
819; 84
822; 118
841; 5
838; 36
826; 54
835; 10
820; 101
834; 47
823; 96
831; 54
833; 32
839; 17
840; 30
836; 36
837; 52
844; 20
845; 3
829; 36
843; 26
828; 46
850; 2
842; 39
852; 1
847; 5
848; 0
849; 1
846; 10
851; 3
853; 0
854; 0
855; 0
859; 0
860; 2
856; 0
857; 2
858; 0
862; 1
861; 0
865; 1
864; 0
868; 0
863; 0
866; 5
871; 2
876; 14
873; 13
867; 6
872; 0
869; 7
874; 4
878; 0
870; 7
875; 6
881; 0
879; 0
877; 10
885; 24
883; 11
880; 17
884; 23
888; 7
890; 10
886; 10
891; 19
899; 9
889; 45
894; 8
896; 8
887; 6
892; 7
882; 32
904; 2
898; 8
906; 1
900; 15
902; 25
895; 36
908; 5
897; 25
909; 0
893; 27
913; 1
901; 23
905; 8
912; 4
907; 25
917; 3
903; 55
911; 0
915; 2
919; 1
918; 7
920; 3
914; 18
910; 12
924; 0
922; 3
916; 8
928; 0
921; 9
923; 5
931; 7
936; 8
925; 22
939; 0
935; 10
933; 8
934; 18
929; 13
938; 13
926; 19
927; 33
930; 13
932; 18
937; 14
945; 6
942; 12
940; 3
946; 9
947; 7
943; 15
941; 9
944; 11
948; 5
949; 12
952; 0
951; 1
954; 4
953; 1
955; 0
950; 18
956; 0
960; 0
959; 0
958; 0
961; 0
957; 0
962; 0
963; 0
966; 0
965; 0
967; 14
972; 4
973; 7
968; 23
970; 5
969; 23
977; 2
975; 11
964; 13
971; 4
976; 8
974; 8
979; 0
978; 0
983; 0
981; 0
980; 0
982; 1
988; 6
985; 1
989; 1
984; 1
990; 5
986; 0
991; 6
987; 0
994; 4
992; 12
993; 7
997; 12
996; 1
999; 4
995; 12
998; 5
1000; 12
1; 0
3; 0
2; 0
4; 0
5; 0
10; 0
7; 0
6; 0
9; 0
11; 0
13; 0
14; 0
12; 0
17; 1
16; 0
8; 1
19; 0
15; 0
18; 0
24; 0
20; 1
27; 0
25; 6
22; 0
26; 5
21; 0
23; 5
29; 0
28; 1
30; 6
35; 33
31; 46
36; 27
40; 25
39; 15
33; 26
42; 15
32; 34
37; 7
34; 35
41; 25
38; 35
43; 2
45; 0
46; 0
47; 0
50; 0
48; 1
44; 0
51; 0
53; 0
49; 6
57; 11
56; 8
52; 12
54; 21
62; 9
59; 19
61; 16
58; 32
65; 8
60; 18
68; 1
55; 17
71; 0
64; 3
63; 13
70; 0
67; 6
76; 13
69; 9
74; 7
66; 23
73; 14
77; 14
72; 33
84; 11
75; 40
81; 17
89; 14
83; 36
80; 32
78; 67
87; 40
93; 8
86; 53
79; 74
82; 86
91; 25
96; 22
95; 32
88; 42
98; 22
92; 52
103; 5
97; 29
94; 62
100; 17
90; 26
99; 18
85; 79
102; 2
101; 23
104; 0
107; 0
106; 0
105; 0
110; 7
108; 0
109; 5
112; 0
111; 0
114; 0
113; 0
118; 2
115; 0
117; 0
125; 2
121; 1
123; 4
128; 1
116; 5
120; 1
119; 7
124; 18
135; 5
127; 38
143; 6
140; 22
129; 29
136; 15
126; 20
132; 29
131; 22
134; 8
137; 34
122; 54
138; 25
139; 32
142; 24
141; 30
133; 50
130; 38
149; 10
144; 32
153; 41
154; 4
147; 44
150; 47
145; 85
156; 31
155; 39
157; 32
151; 56
160; 40
163; 25
169; 9
146; 78
165; 25
148; 99
167; 16
170; 4
152; 100
166; 82
172; 26
178; 12
164; 64
162; 51
159; 116
177; 46
158; 96
179; 18
174; 38
168; 69
175; 39
161; 113
173; 74
180; 43
186; 28
188; 40
182; 100
176; 111
183; 74
196; 39
199; 15
185; 73
201; 43
184; 109
192; 84
190; 78
187; 101
181; 167
195; 42
204; 24
197; 42
194; 79
206; 57
191; 98
212; 9
205; 63
208; 34
198; 73
200; 92
209; 72
211; 45
216; 14
215; 11
193; 130
171; 263
189; 129
202; 96
203; 109
218; 13
213; 27
210; 56
207; 100
214; 65
217; 18
221; 0
223; 2
225; 4
220; 0
222; 2
219; 6
227; 4
229; 16
224; 40
226; 21
240; 18
245; 0
239; 21
232; 45
243; 10
231; 34
230; 32
228; 64
238; 34
237; 34
248; 26
242; 20
234; 96
244; 58
249; 20
250; 5
251; 39
236; 94
233; 90
235; 67
241; 79
247; 44
253; 22
254; 48
246; 48
263; 5
252; 22
255; 49
258; 21
260; 26
259; 16
257; 24
256; 33
267; 0
261; 20
265; 7
262; 1
264; 2
271; 0
273; 0
269; 5
268; 4
272; 13
280; 0
282; 1
276; 4
284; 1
274; 2
270; 6
275; 2
266; 17
281; 4
288; 2
283; 7
277; 6
287; 0
279; 4
278; 1
285; 5
286; 1
295; 1
290; 2
289; 6
292; 0
293; 8
298; 0
294; 14
291; 21
296; 18
300; 42
299; 13
304; 8
303; 11
309; 19
312; 4
301; 15
297; 5
305; 17
311; 10
310; 5
307; 7
302; 9
306; 27
313; 6
308; 11
315; 0
316; 2
319; 7
322; 1
314; 0
320; 12
317; 22
326; 2
318; 7
327; 0
321; 1
323; 6
325; 11
324; 4
333; 2
328; 0
336; 1
330; 1
331; 8
329; 1
335; 2
339; 0
337; 9
334; 17
340; 16
332; 35
342; 15
349; 11
345; 21
338; 18
343; 7
344; 10
341; 37
347; 60
350; 46
351; 18
352; 21
360; 13
362; 2
355; 18
358; 56
348; 61
366; 21
356; 51
354; 56
363; 30
359; 52
353; 70
357; 47
361; 27
346; 115
364; 45
367; 21
372; 12
369; 17
368; 21
365; 29
373; 9
371; 7
374; 4
370; 11
380; 1
377; 10
375; 4
382; 3
379; 9
384; 4
378; 4
376; 2
386; 0
383; 9
381; 0
390; 0
391; 3
388; 6
385; 4
395; 14
387; 0
394; 5
392; 12
389; 0
400; 0
398; 2
397; 0
393; 4
396; 2
402; 1
399; 0
403; 1
407; 2
401; 10
405; 1
410; 6
412; 1
409; 4
416; 1
408; 6
417; 10
411; 10
406; 16
404; 24
414; 10
419; 1
428; 6
413; 63
415; 47
422; 42
430; 8
421; 20
420; 40
433; 3
429; 26
432; 35
431; 15
436; 10
418; 70
423; 41
426; 61
440; 18
435; 23
425; 97
424; 93
446; 21
442; 30
434; 50
439; 29
444; 48
437; 66
438; 34
443; 34
427; 125
445; 9
447; 12
448; 15
450; 0
449; 0
441; 40
455; 0
454; 0
451; 0
459; 6
452; 8
457; 21
453; 5
458; 12
456; 21
465; 10
462; 6
460; 5
470; 3
468; 8
466; 16
464; 13
467; 4
461; 7
463; 29
469; 19
471; 14
474; 2
473; 8
475; 4
480; 5
472; 7
479; 6
477; 12
478; 8
483; 3
481; 16
476; 15
484; 3
487; 5
485; 1
490; 1
482; 7
489; 6
486; 9
495; 4
498; 0
493; 9
511; 1
497; 0
496; 37
509; 21
500; 60
503; 46
507; 41
514; 27
491; 67
512; 27
508; 76
501; 74
505; 109
494; 90
519; 21
506; 90
515; 44
526; 21
492; 127
523; 13
516; 77
521; 43
488; 127
504; 99
529; 23
522; 67
502; 148
531; 28
518; 126
513; 102
524; 61
525; 67
527; 51
534; 24
530; 33
532; 4
528; 47
535; 31
536; 31
543; 36
540; 34
520; 112
541; 49
510; 158
533; 75
548; 30
499; 208
537; 82
553; 17
546; 21
517; 165
544; 72
542; 31
545; 42
552; 17
539; 74
554; 28
556; 38
538; 150
549; 36
547; 67
551; 61
563; 37
550; 91
559; 79
571; 50
576; 38
570; 51
581; 61
568; 93
555; 121
561; 126
587; 31
574; 80
567; 133
577; 92
591; 27
562; 117
582; 88
564; 130
592; 38
572; 175
566; 128
588; 107
557; 207
578; 168
573; 163
565; 179
580; 122
590; 101
558; 190
569; 157
579; 158
586; 118
575; 202
560; 233
583; 131
595; 61
598; 49
594; 75
584; 156
597; 56
593; 54
585; 155
599; 49
589; 108
602; 12
601; 34
600; 61
596; 58
610; 4
604; 24
609; 11
606; 23
617; 1
614; 1
616; 21
603; 23
622; 2
611; 24
612; 24
605; 46
608; 28
607; 42
620; 9
619; 8
621; 13
625; 0
615; 47
613; 35
618; 9
628; 0
624; 3
627; 2
626; 7
623; 7
632; 1
629; 1
630; 5
634; 0
633; 0
635; 0
638; 0
631; 33
636; 21
644; 18
637; 44
641; 64
649; 10
639; 42
643; 23
640; 28
642; 27
645; 42
650; 17
647; 32
655; 8
652; 8
658; 11
648; 40
646; 78
659; 11
651; 37
661; 0
653; 10
664; 4
656; 28
666; 0
654; 10
667; 4
657; 15
669; 0
660; 0
665; 2
668; 4
663; 6
672; 4
662; 7
677; 11
675; 0
670; 5
673; 2
676; 8
678; 3
683; 7
681; 0
674; 11
680; 17
684; 5
671; 19
686; 7
682; 9
679; 8
685; 6
688; 4
694; 0
692; 11
687; 17
691; 7
695; 10
696; 2
689; 7
698; 1
697; 3
690; 4
693; 6
706; 1
699; 1
702; 7
700; 7
704; 4
703; 1
701; 3
714; 4
705; 8
710; 1
708; 9
713; 5
718; 5
707; 24
711; 8
716; 7
712; 3
717; 2
715; 10
709; 16
719; 0
721; 0
720; 1
722; 0
723; 0
724; 0
725; 0
727; 0
729; 0
728; 0
726; 2
731; 0
730; 2
732; 0
735; 0
736; 0
742; 0
737; 0
741; 0
733; 1
739; 0
740; 0
738; 4
744; 1
734; 13
743; 5
755; 0
749; 19
753; 7
758; 6
746; 27
760; 34
750; 16
745; 29
747; 60
748; 58
754; 26
762; 33
757; 41
752; 59
763; 9
765; 25
761; 21
756; 25
769; 1
759; 13
764; 26
751; 62
768; 1
766; 20
774; 0
770; 9
772; 2
767; 10
778; 0
773; 0
777; 0
771; 1
781; 0
775; 4
780; 0
782; 0
776; 0
779; 0
787; 12
783; 4
793; 2
789; 13
796; 9
785; 17
791; 14
790; 7
788; 20
792; 10
786; 14
784; 23
795; 6
799; 0
794; 4
798; 0
800; 0
797; 15
801; 2
802; 0
804; 16
805; 12
806; 7
809; 1
803; 5
810; 0
807; 16
814; 1
811; 9
808; 30
813; 9
815; 9
822; 3
819; 4
812; 33
816; 18
820; 9
818; 16
817; 16
825; 0
826; 0
823; 0
824; 0
829; 0
827; 0
821; 17
834; 5
833; 2
828; 0
831; 1
830; 5
842; 1
850; 4
839; 9
835; 20
840; 19
848; 10
832; 30
838; 35
841; 22
849; 24
836; 47
844; 31
843; 60
837; 65
846; 62
847; 75
854; 65
865; 20
868; 8
853; 86
861; 71
867; 25
851; 104
858; 71
852; 102
864; 32
845; 79
859; 75
857; 87
872; 0
870; 1
862; 35
869; 2
855; 84
863; 45
873; 1
856; 64
860; 46
874; 0
866; 47
875; 0
871; 0
876; 5
877; 0
880; 3
883; 2
881; 0
879; 1
889; 4
885; 15
890; 10
878; 31
884; 22
888; 20
886; 21
882; 23
891; 44
893; 14
887; 17
892; 8
895; 1
894; 5
901; 7
899; 3
900; 8
898; 15
897; 16
906; 8
896; 32
903; 17
902; 1
904; 0
910; 4
905; 5
912; 19
909; 1
908; 23
914; 0
911; 7
915; 3
913; 13
907; 37
916; 3
917; 8
920; 0
918; 0
919; 0
925; 0
924; 5
921; 10
922; 2
923; 0
928; 1
929; 0
937; 2
934; 9
927; 14
926; 10
936; 2
935; 10
930; 2
938; 15
931; 13
933; 23
939; 6
932; 18
944; 2
945; 14
943; 4
942; 41
946; 29
941; 52
949; 10
948; 7
940; 23
952; 33
954; 21
958; 1
947; 22
953; 24
951; 14
959; 2
957; 12
950; 13
960; 0
956; 27
955; 42
961; 2
962; 23
978; 2
979; 7
976; 20
969; 46
965; 42
975; 39
971; 68
968; 66
967; 95
966; 125
986; 59
970; 100
974; 91
993; 34
964; 144
972; 136
977; 99
981; 79
963; 159
990; 122
989; 121
998; 38
996; 44
992; 95
984; 146
991; 104
987; 135
988; 188
973; 236
982; 202
983; 217
999; 92
995; 125
997; 169
980; 279
985; 273
994; 236
1000; 182
1; 0
3; 0
2; 1
5; 0
9; 0
4; 0
7; 0
8; 16
10; 16
6; 17
16; 13
13; 5
18; 2
12; 8
14; 13
15; 26
19; 3
17; 11
22; 6
11; 41
25; 0
21; 11
24; 3
28; 7
20; 20
30; 1
33; 5
29; 13
34; 0
31; 0
37; 0
26; 1
32; 8
38; 0
23; 3
27; 14
39; 0
35; 0
42; 0
36; 0
41; 0
40; 1
48; 2
44; 1
46; 7
52; 1
43; 8
49; 9
45; 8
47; 9
54; 0
51; 12
50; 7
57; 0
53; 12
55; 2
60; 2
61; 0
64; 0
58; 0
56; 4
66; 0
68; 1
59; 1
65; 0
69; 0
70; 1
62; 8
77; 8
74; 5
72; 5
71; 4
67; 21
63; 18
73; 1
75; 39
76; 50
78; 19
83; 6
80; 23
81; 40
82; 30
85; 35
84; 19
79; 39
96; 0
88; 27
94; 2
93; 4
91; 17
86; 38
89; 20
92; 32
90; 15
95; 1
87; 44
97; 9
99; 5
100; 16
108; 24
119; 1
98; 46
104; 35
101; 50
106; 52
123; 12
102; 52
120; 26
107; 40
109; 59
110; 64
126; 17
122; 25
117; 42
103; 95
111; 84
112; 79
105; 103
116; 56
113; 81
114; 79
124; 48
128; 10
125; 36
115; 103
118; 97
130; 24
134; 55
139; 15
129; 79
133; 15
145; 4
143; 17
127; 104
121; 121
137; 35
132; 54
136; 46
131; 53
135; 50
138; 31
140; 3
153; 4
144; 19
146; 11
148; 6
141; 44
151; 5
150; 9
142; 47
152; 14
154; 11
147; 18
155; 0
149; 4
157; 0
158; 0
156; 1
160; 2
163; 16
165; 22
166; 9
159; 47
169; 40
171; 9
164; 29
162; 19
168; 22
177; 11
161; 49
167; 55
176; 12
172; 13
173; 14
187; 23
189; 6
175; 36
180; 11
179; 18
181; 33
191; 21
186; 48
184; 41
195; 21
178; 52
182; 75
174; 70
170; 139
188; 44
183; 101
193; 32
196; 22
198; 59
185; 96
207; 5
190; 68
194; 59
203; 27
200; 61
192; 70
209; 16
199; 47
202; 41
211; 20
205; 33
208; 13
206; 13
204; 22
197; 51
212; 7
210; 9
201; 61
219; 1
216; 13
227; 5
218; 13
220; 9
221; 53
225; 45
235; 9
214; 57
232; 3
217; 70
213; 80
230; 38
222; 70
243; 17
236; 26
223; 88
233; 36
234; 58
239; 65
224; 59
238; 52
215; 131
244; 33
240; 47
247; 25
226; 97
228; 83
229; 102
245; 41
237; 60
253; 14
241; 77
255; 27
248; 60
246; 56
231; 135
254; 34
250; 64
251; 106
265; 23
269; 13
258; 54
260; 28
268; 8
242; 149
271; 29
261; 64
278; 35
262; 61
266; 41
252; 167
270; 37
277; 60
256; 84
273; 48
272; 49
257; 154
264; 105
275; 110
286; 48
292; 40
267; 107
279; 111
282; 80
290; 44
284; 104
263; 196
299; 6
280; 115
288; 100
289; 101
249; 292
285; 120
276; 135
274; 128
287; 103
291; 49
259; 243
294; 18
283; 135
281; 126
295; 42
298; 28
293; 72
300; 0
304; 1
305; 13
311; 1
296; 49
297; 28
302; 29
307; 2
303; 21
306; 21
313; 2
308; 7
310; 10
317; 0
301; 12
323; 6
309; 30
316; 4
315; 2
325; 14
312; 28
330; 1
326; 53
319; 16
314; 39
318; 24
328; 11
324; 21
322; 37
327; 6
320; 42
333; 0
329; 2
331; 0
332; 0
335; 10
321; 57
348; 19
341; 16
338; 32
336; 23
339; 23
351; 1
342; 7
343; 25
353; 4
337; 46
334; 36
354; 1
350; 42
344; 43
345; 17
349; 27
357; 0
347; 20
356; 3
340; 47
359; 3
358; 5
355; 6
361; 2
352; 18
346; 60
362; 0
363; 0
360; 0
365; 1
367; 4
366; 2
370; 1
372; 0
368; 0
374; 0
371; 3
364; 0
369; 1
375; 0
376; 0
378; 1
380; 4
373; 7
381; 2
377; 1
379; 0
383; 4
389; 1
386; 2
387; 3
385; 15
390; 4
392; 10
382; 33
397; 4
391; 38
384; 35
401; 15
388; 26
405; 10
404; 3
400; 34
394; 35
402; 20
403; 10
396; 34
393; 33
395; 25
399; 27
407; 9
409; 0
406; 18
411; 5
398; 44
414; 0
410; 0
408; 3
412; 14
413; 3
418; 2
415; 0
416; 6
422; 0
421; 3
417; 0
425; 6
419; 6
423; 7
424; 28
420; 15
427; 11
433; 0
430; 10
429; 20
441; 9
434; 10
432; 22
438; 3
442; 13
428; 40
426; 35
437; 21
439; 7
431; 16
443; 22
445; 6
435; 31
447; 0
436; 10
440; 8
444; 27
450; 0
448; 0
451; 0
446; 0
449; 4
457; 2
454; 2
455; 10
453; 3
461; 4
456; 8
452; 11
459; 2
458; 10
463; 2
462; 12
460; 14
469; 4
464; 4
467; 8
470; 10
477; 7
466; 18
465; 4
478; 5
479; 5
468; 36
480; 5
471; 16
472; 9
476; 28
473; 37
485; 4
475; 20
474; 45
481; 43
482; 15
484; 66
495; 4
486; 26
492; 39
489; 31
494; 21
487; 51
483; 69
493; 41
490; 44
491; 38
497; 18
501; 7
503; 0
502; 13
488; 51
498; 11
496; 9
504; 3
506; 8
505; 11
508; 3
509; 4
511; 1
499; 19
510; 3
512; 2
500; 21
513; 0
507; 13
519; 0
514; 0
516; 8
522; 11
517; 19
515; 19
524; 6
523; 5
518; 15
525; 25
531; 28
527; 35
526; 21
528; 47
520; 37
535; 5
532; 11
538; 0
521; 41
534; 13
536; 1
530; 13
529; 12
537; 0
533; 14
540; 3
546; 4
543; 0
539; 5
542; 26
552; 20
541; 32
557; 20
555; 46
553; 55
554; 40
560; 7
545; 78
572; 43
544; 97
547; 97
562; 45
549; 73
558; 78
559; 96
561; 94
564; 88
548; 151
566; 79
577; 49
568; 102
551; 129
574; 73
573; 80
569; 80
567; 98
550; 179
575; 83
578; 45
588; 14
579; 52
584; 34
594; 9
556; 163
583; 79
585; 64
587; 65
586; 42
580; 97
570; 180
576; 125
603; 8
581; 73
596; 30
565; 184
606; 6
604; 4
563; 205
599; 55
589; 84
571; 215
598; 52
593; 76
590; 92
582; 154
591; 101
592; 98
595; 92
601; 85
608; 31
597; 108
600; 100
610; 29
613; 17
612; 17
611; 19
618; 14
624; 8
616; 35
605; 89
607; 71
602; 150
622; 50
617; 62
623; 42
632; 12
625; 35
609; 105
614; 94
629; 24
630; 12
620; 68
635; 10
615; 83
626; 9
631; 22
621; 59
627; 35
636; 11
633; 2
619; 81
628; 46
638; 0
640; 0
637; 11
639; 2
634; 15
642; 0
643; 0
641; 0
645; 1
651; 0
644; 2
646; 3
650; 8
654; 17
647; 17
649; 51
655; 33
653; 51
652; 72
648; 58
660; 20
657; 56
661; 55
664; 33
659; 61
665; 33
658; 35
662; 36
667; 3
670; 2
656; 58
674; 8
669; 11
663; 68
666; 40
679; 1
675; 8
673; 23
676; 17
672; 24
668; 32
671; 29
684; 0
681; 1
680; 0
682; 0
678; 2
677; 20
688; 6
683; 41
691; 49
686; 65
697; 19
692; 42
698; 48
699; 23
690; 93
687; 94
693; 41
696; 32
702; 40
701; 57
694; 63
703; 32
695; 81
707; 18
689; 69
709; 3
685; 117
705; 24
711; 5
710; 10
706; 50
717; 44
716; 50
715; 63
719; 66
725; 47
704; 150
729; 53
708; 115
700; 152
743; 5
735; 63
746; 1
745; 5
718; 142
736; 32
730; 121
737; 77
722; 145
723; 126
758; 3
714; 170
720; 176
759; 35
741; 62
713; 179
733; 123
756; 74
738; 123
754; 57
732; 163
728; 183
731; 196
766; 67
765; 41
724; 205
752; 90
744; 124
749; 125
727; 213
747; 148
726; 228
778; 8
740; 153
761; 136
769; 93
734; 258
712; 334
760; 114
751; 151
777; 47
763; 101
742; 203
753; 200
776; 53
773; 149
755; 212
779; 68
770; 145
791; 12
721; 426
739; 314
781; 95
802; 45
796; 83
750; 339
748; 332
794; 79
815; 32
782; 151
786; 100
771; 252
789; 146
774; 258
795; 142
816; 47
798; 125
793; 185
814; 90
820; 42
808; 100
800; 155
819; 67
762; 361
818; 77
787; 183
825; 28
772; 328
785; 258
775; 330
797; 214
827; 48
809; 178
757; 462
764; 422
836; 57
799; 250
812; 206
784; 302
832; 35
835; 54
805; 219
788; 268
850; 0
843; 52
801; 282
829; 75
806; 279
828; 151
821; 158
842; 128
817; 302
810; 335
813; 277
841; 126
831; 178
792; 388
848; 66
824; 235
807; 384
804; 365
767; 617
860; 34
780; 491
830; 214
862; 33
855; 82
833; 235
846; 163
834; 250
768; 641
803; 440
849; 132
868; 45
837; 247
822; 313
858; 81
838; 268
840; 244
852; 188
863; 94
811; 431
826; 309
847; 164
839; 274
866; 103
875; 37
869; 40
790; 522
856; 184
854; 180
864; 96
844; 253
872; 56
857; 159
881; 5
874; 33
873; 26
851; 239
859; 152
861; 147
867; 123
853; 268
783; 608
879; 48
878; 38
880; 33
845; 288
823; 438
885; 19
887; 7
871; 122
876; 69
883; 28
870; 115
888; 38
884; 62
882; 37
877; 64
894; 11
865; 241
889; 73
893; 28
890; 82
906; 0
904; 15
898; 19
908; 0
896; 44
905; 12
892; 69
897; 18
899; 31
891; 66
886; 117
914; 1
903; 22
902; 26
918; 2
912; 6
919; 0
901; 49
909; 10
917; 15
911; 19
895; 88
916; 28
910; 17
913; 34
927; 14
900; 84
915; 26
929; 9
921; 12
923; 27
928; 11
907; 42
922; 15
924; 37
920; 25
925; 34
930; 24
926; 20
936; 5
932; 6
931; 3
937; 12
934; 7
933; 17
938; 3
940; 2
935; 0
941; 0
944; 0
945; 0
939; 9
942; 0
950; 0
943; 5
946; 0
951; 2
947; 4
948; 4
949; 6
956; 8
952; 3
957; 8
953; 8
961; 9
962; 1
959; 4
955; 11
963; 3
954; 27
958; 5
965; 3
960; 29
969; 14
967; 29
970; 20
979; 0
964; 27
972; 28
983; 5
973; 43
966; 43
976; 7
975; 30
971; 39
978; 45
968; 63
988; 38
980; 22
995; 7
982; 24
993; 30
990; 29
986; 31
991; 66
984; 66
994; 40
999; 6
987; 53
974; 102
992; 27
985; 67
997; 11
996; 41
989; 53
981; 72
998; 15
1000; 11
977; 122
4; 1
1; 0
6; 0
5; 0
3; 1
7; 1
8; 1
9; 1
2; 1
11; 0
16; 2
12; 2
22; 6
19; 8
13; 11
21; 22
17; 22
31; 7
27; 5
24; 13
10; 14
18; 9
20; 13
23; 21
15; 34
32; 28
34; 0
14; 19
26; 28
28; 22
25; 19
29; 28
35; 0
30; 28
43; 10
49; 3
36; 51
48; 17
40; 38
42; 28
46; 11
33; 54
52; 8
37; 23
41; 33
39; 23
54; 4
50; 6
45; 16
38; 41
56; 13
53; 2
44; 27
55; 6
58; 1
60; 1
47; 23
51; 14
57; 18
59; 9
61; 4
65; 2
67; 10
69; 2
63; 2
70; 0
62; 13
68; 0
71; 0
66; 11
74; 0
64; 0
72; 13
77; 7
76; 2
73; 8
87; 4
82; 21
85; 6
91; 34
83; 50
88; 24
81; 80
79; 89
75; 107
80; 72
92; 28
78; 99
86; 68
95; 18
94; 39
90; 63
93; 42
84; 92
98; 10
89; 70
101; 1
97; 21
96; 17
100; 2
102; 0
99; 0
106; 0
104; 0
107; 2
105; 14
103; 21
110; 1
109; 15
115; 4
108; 14
113; 3
111; 0
121; 9
119; 0
116; 17
118; 4
114; 62
123; 22
117; 26
126; 5
112; 47
122; 48
129; 7
120; 10
132; 0
130; 1
124; 18
125; 7
131; 1
127; 16
135; 0
128; 21
134; 6
136; 2
133; 0
139; 3
138; 6
137; 0
143; 0
140; 1
145; 0
141; 0
142; 0
144; 0
147; 0
149; 0
146; 1
148; 0
153; 15
155; 6
150; 17
156; 9
151; 38
169; 21
170; 10
162; 3
161; 43
164; 41
158; 56
165; 18
172; 21
168; 36
159; 84
171; 47
173; 21
160; 68
167; 71
152; 120
157; 97
154; 101
163; 97
176; 31
175; 49
189; 7
177; 70
184; 25
187; 11
174; 76
183; 11
188; 9
166; 78
178; 35
190; 4
181; 57
194; 2
193; 6
185; 19
186; 20
191; 4
180; 31
195; 2
192; 3
199; 0
196; 1
198; 4
182; 43
179; 71
197; 0
201; 0
200; 0
203; 0
204; 0
209; 0
202; 0
206; 0
207; 1
208; 0
211; 0
205; 0
213; 0
210; 14
220; 1
214; 15
215; 6
212; 19
216; 4
217; 3
218; 0
221; 2
229; 1
222; 1
226; 2
223; 0
219; 25
227; 18
228; 26
231; 16
234; 7
224; 24
232; 13
235; 10
237; 0
225; 10
230; 24
236; 0
238; 0
233; 13
241; 0
244; 1
242; 1
239; 2
243; 2
240; 0
246; 8
245; 0
248; 10
252; 30
253; 27
256; 20
255; 2
247; 23
249; 18
254; 27
250; 21
251; 13
257; 8
258; 5
259; 2
261; 0
260; 0
267; 1
262; 10
263; 19
272; 7
273; 4
269; 22
270; 17
264; 24
271; 8
266; 18
265; 21
275; 19
268; 24
274; 4
276; 5
278; 0
283; 4
280; 3
287; 3
277; 23
286; 8
282; 13
279; 26
281; 26
284; 15
289; 24
285; 17
288; 11
292; 23
290; 34
291; 20
293; 24
297; 13
295; 11
294; 7
296; 8
298; 10
301; 1
299; 1
303; 1
300; 6
302; 1
307; 1
310; 16
305; 22
308; 3
309; 25
314; 31
304; 25
320; 5
311; 20
306; 56
316; 37
319; 26
318; 5
322; 0
312; 36
313; 37
315; 5
324; 3
323; 20
321; 11
317; 17
325; 0
329; 3
335; 10
327; 35
326; 22
334; 3
328; 14
333; 12
330; 15
340; 0
341; 8
336; 19
344; 27
337; 17
343; 25
331; 24
332; 25
338; 10
345; 29
339; 36
348; 1
350; 8
342; 16
346; 30
353; 3
351; 5
355; 39
352; 19
362; 13
356; 24
357; 14
349; 70
363; 12
360; 23
365; 11
359; 30
347; 75
367; 19
361; 37
366; 20
358; 12
354; 28
364; 29
369; 5
371; 0
368; 19
376; 0
372; 0
370; 0
373; 0
375; 13
383; 9
379; 0
377; 12
374; 23
378; 23
381; 12
384; 19
388; 12
386; 7
389; 29
395; 16
387; 18
391; 18
380; 18
393; 25
385; 28
397; 10
396; 17
399; 11
401; 11
394; 17
382; 42
390; 18
400; 1
392; 25
398; 16
403; 0
407; 0
402; 8
405; 0
404; 8
413; 0
409; 0
410; 2
406; 2
408; 0
411; 10
414; 0
419; 0
415; 0
412; 3
416; 0
417; 4
418; 3
421; 2
425; 0
423; 0
422; 1
426; 0
424; 0
420; 1
429; 0
431; 0
427; 0
432; 1
430; 0
436; 0
439; 3
433; 0
435; 3
428; 0
438; 1
442; 7
437; 5
441; 6
434; 53
445; 16
451; 10
449; 30
443; 37
440; 27
453; 30
444; 57
447; 53
450; 48
448; 34
458; 22
446; 55
452; 40
462; 12
457; 12
463; 14
455; 55
454; 46
460; 45
471; 29
470; 22
480; 16
461; 41
459; 46
474; 15
478; 27
464; 29
465; 41
456; 88
466; 48
485; 14
468; 41
472; 39
482; 13
476; 57
475; 80
481; 53
479; 41
467; 95
491; 19
489; 21
498; 2
469; 100
487; 34
477; 83
473; 114
495; 20
488; 62
486; 27
483; 101
492; 40
500; 21
510; 4
504; 13
506; 22
493; 56
503; 51
501; 28
511; 18
494; 56
497; 40
484; 128
490; 96
505; 22
507; 17
509; 36
496; 57
508; 12
512; 11
514; 36
516; 2
518; 9
513; 8
519; 30
499; 64
521; 32
527; 3
520; 18
528; 6
515; 18
523; 9
502; 64
517; 21
525; 22
530; 1
533; 10
522; 18
534; 2
531; 19
524; 28
532; 23
537; 7
536; 3
539; 1
541; 1
526; 14
529; 12
540; 2
544; 5
543; 0
538; 4
545; 3
542; 0
535; 3
546; 0
547; 0
548; 3
554; 6
551; 10
549; 2
555; 5
552; 8
550; 0
553; 9
559; 4
558; 2
556; 11
557; 10
562; 5
564; 4
563; 1
560; 0
565; 1
561; 0
566; 0
571; 0
569; 0
567; 2
574; 2
570; 5
576; 7
568; 6
577; 5
573; 3
572; 7
575; 6
589; 0
587; 10
579; 16
578; 8
584; 31
582; 7
585; 34
581; 14
580; 18
583; 5
590; 2
591; 3
588; 12
586; 14
594; 7
596; 0
592; 0
593; 3
595; 0
597; 0
598; 0
600; 0
601; 0
603; 0
606; 0
599; 10
609; 6
613; 3
604; 3
612; 5
602; 10
608; 8
610; 7
605; 5
614; 10
607; 12
621; 1
616; 7
611; 11
615; 2
618; 3
619; 0
617; 4
620; 0
622; 5
629; 9
624; 14
626; 11
623; 20
625; 10
628; 13
633; 5
632; 15
627; 33
638; 10
630; 33
631; 36
637; 10
635; 7
639; 2
640; 0
634; 26
636; 8
642; 0
645; 1
647; 1
641; 0
643; 0
648; 0
650; 1
644; 8
652; 0
646; 6
654; 1
649; 0
651; 0
655; 0
653; 0
657; 1
656; 4
660; 0
664; 25
661; 20
670; 18
666; 20
671; 18
662; 32
669; 35
665; 34
659; 79
678; 26
674; 58
679; 73
683; 21
691; 17
667; 80
675; 71
658; 132
673; 85
677; 62
686; 43
663; 109
676; 75
681; 55
690; 14
692; 12
680; 52
687; 45
684; 59
672; 98
668; 145
702; 3
700; 4
688; 73
685; 72
698; 27
689; 89
682; 89
697; 36
693; 42
699; 23
696; 11
701; 17
705; 14
710; 0
715; 5
708; 10
706; 20
714; 29
709; 7
695; 45
694; 71
707; 20
713; 30
720; 20
704; 35
703; 57
716; 68
719; 22
712; 46
726; 13
722; 49
711; 65
723; 22
725; 17
717; 79
718; 40
724; 3
721; 58
727; 13
732; 3
730; 1
728; 7
733; 2
737; 2
729; 14
735; 1
731; 17
734; 13
739; 2
740; 0
736; 2
738; 0
747; 0
743; 0
741; 0
742; 0
745; 0
749; 0
744; 0
748; 8
753; 2
752; 9
755; 3
759; 20
751; 61
760; 5
768; 20
757; 54
750; 44
756; 48
775; 7
773; 34
746; 103
762; 53
754; 130
763; 86
761; 116
765; 62
779; 43
774; 43
758; 93
780; 22
792; 16
770; 65
771; 76
782; 72
790; 40
786; 48
769; 132
794; 31
793; 28
785; 76
772; 119
766; 185
781; 125
767; 138
800; 18
778; 110
788; 72
796; 36
797; 30
803; 2
783; 76
776; 111
795; 15
791; 104
787; 101
789; 80
784; 92
799; 2
805; 3
798; 22
764; 202
804; 8
802; 21
777; 132
801; 26
808; 5
806; 5
807; 2
809; 7
812; 15
813; 17
811; 27
815; 8
823; 14
824; 7
822; 25
814; 49
825; 16
817; 21
829; 6
810; 66
827; 30
816; 72
819; 86
833; 7
820; 112
821; 89
834; 27
818; 89
828; 80
831; 54
839; 20
842; 16
826; 82
841; 10
830; 50
837; 31
836; 34
832; 53
843; 11
840; 28
845; 1
835; 52
838; 26
844; 12
847; 13
852; 12
855; 0
850; 14
846; 4
848; 6
854; 14
853; 3
851; 15
859; 0
856; 0
857; 0
849; 11
861; 0
863; 1
858; 0
860; 0
862; 0
864; 0
865; 0
866; 0
870; 12
875; 11
871; 22
873; 28
872; 40
868; 40
876; 43
869; 38
885; 16
883; 6
886; 0
878; 42
874; 61
884; 6
879; 27
867; 84
881; 29
891; 0
877; 47
889; 1
880; 30
888; 0
882; 18
892; 0
887; 0
890; 3
894; 0
893; 0
895; 1
898; 0
900; 0
896; 0
897; 0
899; 10
909; 2
913; 5
901; 44
912; 10
908; 21
915; 10
916; 8
902; 35
904; 61
911; 16
906; 17
918; 3
910; 21
907; 31
905; 46
917; 12
914; 11
903; 60
920; 8
924; 22
923; 25
919; 0
921; 5
922; 4
926; 0
925; 11
928; 0
930; 3
931; 0
929; 0
927; 0
934; 0
932; 0
937; 0
933; 12
938; 20
936; 41
935; 21
941; 33
945; 35
943; 23
942; 22
951; 6
939; 51
940; 46
954; 33
946; 45
947; 80
952; 20
944; 92
960; 35
962; 42
957; 17
950; 41
965; 0
964; 5
948; 45
955; 30
953; 29
963; 26
949; 56
959; 38
970; 2
956; 37
974; 3
969; 41
971; 18
958; 77
961; 96
985; 5
968; 38
986; 2
973; 45
967; 63
978; 37
966; 76
975; 65
977; 64
979; 71
981; 41
987; 63
980; 73
972; 111
982; 59
976; 115
990; 95
1000; 25
989; 76
988; 66
992; 50
984; 96
996; 31
995; 37
994; 68
983; 138
991; 105
999; 48
998; 61
993; 68
997; 77
1; 2
3; 3
8; 9
4; 8
9; 34
2; 14
11; 24
5; 36
12; 31
10; 27
7; 8
14; 25
13; 1
17; 4
16; 2
6; 19
23; 1
15; 31
18; 12
25; 10
24; 20
20; 17
27; 7
19; 19
21; 7
30; 4
22; 8
28; 6
29; 3
26; 15
32; 0
31; 0
34; 2
35; 10
33; 11
38; 8
43; 12
45; 0
37; 0
40; 5
39; 3
41; 5
36; 14
42; 3
44; 6
48; 0
46; 0
47; 2
49; 0
50; 1
52; 0
54; 1
51; 7
53; 19
55; 34
56; 36
64; 22
61; 8
57; 24
59; 26
66; 7
65; 6
62; 22
60; 36
63; 17
58; 40
67; 4
69; 9
70; 6
71; 1
68; 11
72; 27
84; 23
74; 29
85; 19
81; 21
87; 1
73; 19
83; 8
75; 9
77; 24
78; 22
76; 29
79; 10
88; 1
80; 17
89; 3
82; 23
86; 17
90; 18
91; 3
94; 17
92; 15
93; 0
98; 0
96; 5
95; 2
100; 0
99; 0
102; 0
97; 2
101; 0
109; 0
105; 1
106; 0
108; 21
103; 21
114; 10
113; 47
117; 13
116; 19
104; 31
115; 24
112; 29
125; 1
107; 44
119; 4
111; 34
118; 20
123; 1
122; 0
110; 30
124; 1
120; 14
127; 0
121; 0
133; 1
126; 0
129; 1
128; 3
132; 3
134; 2
130; 0
131; 8
137; 0
139; 0
135; 0
138; 0
136; 5
140; 8
147; 4
142; 1
144; 8
141; 1
152; 1
148; 4
146; 1
143; 14
153; 8
150; 9
149; 1
155; 9
145; 1
154; 5
156; 10
151; 22
165; 0
162; 0
157; 15
161; 14
158; 4
160; 10
166; 11
159; 13
168; 0
164; 2
167; 0
171; 0
169; 1
172; 0
163; 14
173; 7
177; 0
170; 7
179; 13
185; 4
181; 14
176; 22
178; 0
188; 15
174; 61
175; 52
191; 36
183; 66
180; 45
186; 44
192; 34
199; 13
184; 77
190; 56
182; 109
195; 97
189; 108
187; 152
200; 55
193; 120
202; 70
198; 94
197; 92
209; 16
194; 152
201; 88
205; 49
211; 59
213; 29
204; 57
210; 77
214; 41
203; 62
212; 64
196; 114
208; 27
216; 1
206; 52
215; 21
217; 0
207; 78
218; 0
224; 7
219; 4
221; 1
222; 0
220; 8
225; 6
227; 0
223; 0
226; 0
229; 1
230; 0
228; 0
231; 7
237; 4
233; 9
236; 1
239; 1
234; 2
241; 8
246; 10
242; 13
238; 33
243; 10
232; 19
240; 27
244; 12
247; 7
256; 15
248; 10
259; 12
257; 26
235; 70
245; 67
254; 37
251; 60
250; 49
260; 42
266; 9
265; 28
253; 68
263; 39
255; 61
249; 59
258; 56
261; 36
252; 74
267; 34
270; 16
268; 33
264; 39
269; 12
271; 23
262; 89
279; 14
272; 41
282; 20
278; 16
280; 24
276; 19
277; 29
275; 18
273; 24
287; 3
281; 25
290; 0
283; 14
286; 5
288; 0
284; 4
274; 35
285; 1
291; 0
289; 6
292; 0
295; 0
293; 13
294; 1
299; 12
301; 8
297; 0
302; 2
300; 11
296; 15
304; 0
298; 12
303; 5
305; 0
307; 8
306; 0
308; 1
315; 0
309; 8
310; 0
312; 8
311; 0
316; 4
313; 0
317; 0
314; 0
319; 0
318; 39
321; 37
324; 28
323; 26
331; 22
329; 19
320; 35
330; 34
336; 6
325; 44
332; 11
322; 45
335; 28
337; 6
334; 17
326; 50
333; 20
338; 5
328; 81
339; 2
327; 47
344; 11
341; 7
347; 4
342; 1
340; 6
343; 1
345; 3
348; 2
350; 1
352; 0
346; 11
351; 1
349; 10
355; 0
353; 0
354; 0
359; 0
356; 6
363; 3
357; 0
366; 5
362; 5
360; 5
365; 8
358; 7
364; 4
361; 28
377; 16
369; 18
367; 24
371; 18
375; 16
368; 34
373; 21
372; 25
379; 23
370; 30
378; 37
374; 16
376; 17
380; 33
381; 10
382; 6
383; 16
384; 4
386; 0
385; 2
387; 0
389; 0
391; 0
390; 1
388; 4
394; 0
395; 0
396; 0
392; 14
393; 11
399; 7
397; 13
408; 3
402; 11
406; 18
409; 19
410; 2
403; 29
414; 22
405; 30
416; 1
404; 41
398; 43
413; 16
400; 26
407; 50
412; 16
411; 24
418; 6
415; 10
401; 40
421; 0
423; 0
422; 0
424; 0
417; 1
419; 10
429; 0
420; 3
425; 0
427; 2
426; 0
428; 0
435; 2
430; 0
432; 6
431; 6
437; 16
443; 3
440; 22
434; 20
441; 19
439; 12
436; 12
433; 46
446; 6
438; 19
450; 0
444; 5
445; 18
442; 7
449; 7
451; 13
454; 2
453; 1
447; 8
455; 0
452; 4
448; 13
460; 1
457; 0
463; 0
458; 12
456; 3
459; 3
461; 3
468; 0
465; 12
462; 4
466; 2
474; 1
476; 0
472; 1
467; 1
471; 0
464; 1
473; 5
481; 0
480; 17
469; 10
479; 13
485; 7
487; 9
475; 26
489; 21
482; 43
491; 25
470; 59
477; 55
478; 56
490; 17
492; 8
494; 3
483; 25
484; 51
486; 18
488; 8
493; 5
495; 0
497; 1
496; 2
498; 3
501; 0
499; 1
500; 0
502; 0
505; 0
504; 0
503; 0
506; 0
508; 16
512; 20
509; 9
507; 6
513; 35
510; 17
516; 27
511; 23
514; 18
520; 25
519; 15
530; 2
521; 18
515; 53
518; 20
527; 7
517; 36
524; 2
523; 10
522; 37
526; 3
532; 0
531; 1
525; 32
528; 22
529; 39
534; 6
533; 27
537; 4
542; 0
538; 6
540; 3
539; 12
535; 22
543; 2
536; 11
541; 0
547; 0
546; 9
544; 26
551; 18
553; 1
545; 29
548; 6
549; 15
554; 14
557; 0
550; 5
552; 5
556; 0
555; 0
558; 0
561; 1
562; 0
560; 0
559; 0
565; 0
567; 0
569; 1
564; 6
563; 18
571; 5
568; 4
573; 10
572; 30
570; 11
566; 12
578; 0
575; 10
576; 7
580; 10
574; 6
581; 0
585; 0
579; 1
583; 0
577; 1
582; 0
584; 1
587; 0
588; 0
586; 1
591; 2
590; 0
596; 1
600; 13
589; 23
595; 7
592; 11
594; 5
598; 11
593; 25
599; 30
601; 15
602; 28
607; 9
610; 8
612; 17
611; 21
608; 3
609; 12
604; 20
605; 17
606; 17
597; 34
616; 0
603; 30
614; 0
613; 4
619; 0
617; 0
615; 0
618; 0
621; 0
623; 0
620; 5
628; 0
624; 0
627; 8
625; 6
629; 3
631; 14
633; 14
626; 19
638; 25
630; 19
636; 11
637; 13
640; 1
641; 1
634; 30
643; 0
635; 20
622; 44
632; 35
642; 1
639; 35
645; 1
646; 0
647; 0
644; 0
648; 0
649; 0
650; 0
651; 0
653; 2
652; 2
654; 0
657; 0
655; 0
658; 0
659; 0
656; 0
665; 2
661; 0
660; 3
666; 14
662; 13
663; 8
671; 16
668; 4
672; 7
674; 20
676; 0
670; 19
669; 19
680; 4
664; 17
673; 2
681; 11
667; 36
684; 1
679; 4
682; 3
675; 2
678; 18
683; 3
677; 7
685; 6
686; 26
687; 1
688; 4
694; 8
690; 11
693; 4
695; 5
698; 0
697; 4
689; 1
691; 1
696; 5
692; 2
703; 0
701; 5
704; 0
700; 4
699; 4
706; 8
702; 10
705; 6
711; 16
707; 9
710; 0
713; 0
708; 11
709; 10
712; 8
714; 4
715; 10
718; 1
716; 0
722; 0
717; 4
719; 12
721; 12
730; 16
723; 35
720; 32
727; 19
728; 14
732; 19
735; 41
739; 17
726; 47
724; 54
731; 31
745; 2
742; 13
736; 37
737; 25
733; 25
725; 69
740; 53
738; 34
734; 28
743; 10
741; 35
744; 9
746; 5
729; 84
748; 17
747; 0
751; 2
750; 24
752; 1
749; 7
753; 0
757; 0
755; 12
758; 5
763; 4
759; 21
754; 39
756; 30
760; 5
761; 28
764; 0
762; 15
768; 19
769; 4
765; 31
772; 22
766; 50
767; 57
776; 7
774; 25
780; 1
777; 38
770; 42
775; 42
771; 42
782; 3
783; 2
773; 29
778; 7
781; 8
785; 5
779; 21
784; 11
787; 5
786; 1
788; 20
789; 21
791; 1
792; 16
793; 30
797; 34
800; 3
795; 25
803; 18
807; 5
794; 13
804; 20
799; 18
790; 52
796; 33
806; 30
814; 5
809; 2
808; 42
802; 47
812; 18
798; 68
813; 7
805; 48
801; 69
811; 43
810; 40
816; 14
815; 14
818; 5
817; 18
822; 0
819; 1
826; 0
820; 0
824; 0
825; 0
823; 0
821; 0
828; 0
827; 0
830; 0
832; 0
834; 1
829; 0
836; 0
831; 0
833; 0
835; 0
840; 5
837; 7
842; 0
841; 0
838; 0
846; 0
839; 2
844; 0
843; 1
848; 0
850; 0
849; 0
845; 0
847; 0
852; 8
851; 6
855; 0
854; 0
853; 0
861; 1
856; 5
858; 0
868; 11
862; 24
865; 20
863; 60
872; 38
857; 62
873; 45
871; 48
874; 14
867; 78
878; 35
869; 53
879; 11
866; 69
877; 36
860; 123
859; 148
864; 138
887; 24
875; 84
870; 124
891; 60
889; 62
881; 78
902; 29
893; 73
894; 76
882; 90
883; 99
880; 143
876; 159
898; 66
903; 65
904; 15
885; 155
900; 64
884; 147
892; 132
913; 1
886; 198
905; 51
890; 119
896; 132
897; 98
901; 73
899; 123
910; 12
914; 11
915; 46
895; 164
925; 26
916; 49
888; 214
932; 22
907; 104
921; 38
922; 54
917; 55
937; 8
919; 69
931; 67
953; 19
942; 69
956; 20
909; 204
935; 99
960; 2
939; 82
944; 66
934; 101
918; 176
912; 231
955; 14
948; 75
920; 193
928; 198
930; 164
938; 132
947; 135
950; 87
929; 203
906; 308
926; 262
943; 148
957; 98
911; 315
966; 65
908; 342
959; 80
923; 230
940; 197
972; 20
941; 208
965; 89
963; 74
964; 107
933; 265
946; 182
924; 317
949; 153
954; 125
973; 30
952; 174
961; 81
975; 8
971; 28
945; 209
969; 49
967; 90
927; 287
936; 239
970; 26
951; 197
977; 11
958; 145
962; 93
976; 4
974; 33
981; 0
980; 0
979; 0
968; 106
978; 2
982; 0
988; 1
984; 10
990; 7
983; 22
997; 9
992; 9
993; 19
987; 24
995; 39
996; 17
999; 11
994; 7
998; 32
986; 36
985; 36
989; 47
1000; 3
991; 27
2; 0
4; 2
7; 3
5; 3
3; 3
1; 3
10; 8
12; 17
13; 3
6; 9
9; 1
8; 1
11; 2
14; 6
15; 2
18; 0
16; 0
17; 4
19; 0
20; 1
21; 6
23; 2
22; 4
26; 4
24; 6
25; 3
27; 0
29; 0
31; 0
28; 9
37; 13
39; 17
40; 9
35; 11
32; 35
30; 52
36; 35
49; 3
43; 36
47; 27
38; 66
46; 30
44; 36
33; 67
34; 85
41; 71
42; 44
45; 30
53; 15
50; 9
52; 15
56; 6
48; 67
51; 26
55; 0
58; 0
59; 0
54; 9
60; 0
62; 13
57; 7
69; 12
67; 16
61; 3
65; 15
64; 6
71; 2
66; 8
72; 0
63; 10
70; 13
78; 10
76; 35
82; 21
75; 48
68; 71
80; 78
84; 50
92; 25
88; 6
81; 42
83; 36
79; 43
74; 86
86; 87
85; 83
91; 23
73; 92
77; 69
95; 24
97; 16
96; 24
93; 54
89; 25
100; 9
98; 3
94; 32
87; 63
102; 10
101; 21
90; 75
106; 17
109; 1
110; 0
105; 15
114; 3
103; 17
112; 7
99; 47
104; 32
108; 18
107; 14
111; 13
117; 19
116; 18
120; 4
123; 11
118; 25
113; 42
124; 6
115; 32
121; 1
126; 0
130; 2
128; 8
119; 11
131; 2
129; 0
127; 0
125; 9
122; 10
137; 0
132; 9
140; 3
135; 8
134; 14
138; 3
139; 6
136; 7
133; 25
145; 0
141; 10
142; 6
144; 3
143; 7
146; 1
151; 0
147; 5
148; 1
153; 11
149; 1
150; 0
154; 5
155; 5
160; 0
157; 0
158; 0
152; 21
156; 22
164; 16
168; 21
162; 6
159; 10
161; 12
174; 6
170; 5
173; 7
165; 24
163; 15
175; 6
171; 7
166; 41
169; 6
167; 26
176; 1
172; 5
179; 4
177; 3
178; 2
180; 7
181; 0
182; 0
186; 0
184; 0
185; 0
188; 0
183; 0
189; 0
192; 0
197; 7
187; 11
190; 2
194; 2
193; 4
195; 0
191; 4
196; 7
200; 0
198; 0
199; 0
201; 5
206; 7
202; 7
203; 15
208; 5
212; 5
213; 15
204; 11
205; 20
207; 17
209; 6
211; 7
210; 53
221; 31
224; 19
214; 42
217; 21
219; 27
222; 31
215; 31
229; 5
220; 44
226; 18
216; 29
227; 15
225; 20
223; 31
218; 28
228; 2
231; 0
230; 0
232; 3
237; 12
238; 12
242; 3
236; 1
233; 2
234; 7
240; 5
241; 16
244; 0
235; 12
243; 0
245; 0
239; 5
247; 0
246; 0
248; 0
249; 2
251; 0
253; 3
250; 9
256; 3
252; 12
254; 12
257; 4
261; 6
260; 2
259; 24
264; 3
255; 28
271; 0
262; 11
265; 0
267; 1
266; 6
269; 13
263; 24
258; 34
273; 5
278; 1
268; 17
274; 4
270; 29
277; 7
272; 4
276; 1
275; 8
279; 0
281; 0
282; 0
284; 0
280; 0
283; 0
285; 1
286; 0
292; 1
289; 3
291; 6
287; 3
288; 0
295; 3
303; 14
301; 19
306; 2
296; 53
293; 43
298; 34
307; 18
304; 44
300; 22
308; 38
290; 96
299; 67
316; 6
317; 5
310; 50
320; 7
294; 136
302; 68
312; 45
311; 48
314; 42
309; 37
315; 37
313; 35
305; 42
319; 10
297; 118
318; 0
321; 0
323; 0
324; 9
327; 8
322; 7
325; 6
328; 4
329; 8
331; 6
336; 34
335; 5
337; 17
342; 15
334; 52
338; 49
333; 44
332; 47
354; 6
341; 47
326; 87
339; 55
346; 60
344; 48
345; 30
347; 24
348; 36
340; 61
353; 24
351; 49
356; 2
330; 109
357; 2
361; 1
352; 65
349; 44
350; 71
359; 18
355; 33
343; 94
358; 25
362; 21
360; 5
363; 4
367; 0
366; 6
368; 7
365; 13
364; 39
379; 8
371; 28
372; 21
370; 50
369; 36
376; 20
373; 67
378; 40
385; 29
374; 81
380; 73
375; 101
377; 47
383; 76
384; 48
388; 22
387; 19
381; 54
389; 33
390; 17
393; 17
382; 34
386; 56
394; 17
392; 8
397; 0
391; 40
395; 0
396; 14
406; 1
410; 11
401; 25
398; 49
409; 26
399; 64
402; 52
418; 34
425; 3
422; 4
420; 31
403; 90
400; 78
415; 70
416; 33
404; 74
414; 80
424; 58
421; 63
427; 56
412; 120
411; 135
431; 46
430; 68
423; 61
442; 20
437; 57
444; 26
419; 103
443; 25
405; 192
408; 173
438; 53
407; 147
417; 112
428; 113
435; 102
413; 196
436; 87
440; 41
439; 106
433; 97
453; 39
441; 86
434; 166
452; 37
429; 173
432; 177
456; 40
450; 57
426; 153
451; 91
447; 69
462; 15
445; 88
460; 32
455; 33
454; 36
459; 10
458; 24
446; 73
449; 61
457; 35
448; 104
469; 2
461; 43
470; 0
467; 16
464; 16
466; 5
468; 18
465; 16
473; 1
478; 0
471; 1
472; 1
477; 0
463; 15
474; 0
476; 8
479; 0
480; 0
475; 15
486; 12
482; 7
481; 9
485; 23
483; 22
490; 19
491; 38
487; 27
484; 23
495; 15
492; 42
488; 74
499; 33
489; 32
501; 8
493; 29
502; 10
506; 16
494; 66
504; 7
505; 16
509; 21
500; 33
497; 48
496; 46
498; 45
513; 1
503; 16
507; 24
522; 17
510; 40
519; 14
514; 32
516; 54
515; 77
517; 73
528; 30
512; 83
508; 127
511; 85
518; 68
521; 87
520; 84
524; 82
525; 74
536; 18
526; 53
533; 69
531; 58
527; 92
538; 20
523; 82
532; 48
540; 5
537; 32
534; 43
541; 10
543; 18
529; 112
530; 63
535; 40
539; 13
542; 1
546; 48
555; 41
552; 33
561; 31
562; 7
567; 2
545; 82
547; 66
544; 96
558; 52
554; 69
559; 82
557; 63
549; 88
569; 16
560; 75
553; 63
563; 47
548; 89
550; 103
565; 44
556; 103
568; 31
551; 80
566; 31
572; 0
564; 47
571; 0
570; 0
577; 0
575; 2
578; 0
581; 2
573; 5
579; 12
574; 0
576; 6
580; 1
584; 1
588; 4
586; 0
589; 0
585; 2
582; 3
587; 2
590; 6
583; 23
592; 9
596; 5
594; 5
595; 0
591; 14
597; 15
612; 1
610; 41
593; 66
602; 31
604; 42
617; 1
601; 66
613; 18
600; 73
611; 43
608; 50
598; 86
616; 17
603; 59
615; 36
614; 34
606; 75
622; 23
599; 109
627; 15
633; 5
609; 105
621; 32
605; 104
607; 90
628; 15
630; 14
626; 49
620; 75
624; 83
636; 26
639; 27
644; 10
638; 22
632; 42
631; 37
619; 117
618; 93
641; 23
625; 52
642; 25
645; 15
634; 66
643; 28
629; 58
640; 27
623; 103
637; 45
649; 9
635; 57
650; 29
648; 45
656; 34
657; 20
646; 67
662; 18
651; 48
659; 18
667; 20
647; 84
673; 14
668; 28
664; 64
672; 32
653; 115
660; 102
666; 62
655; 128
675; 73
654; 166
652; 185
680; 42
663; 85
665; 108
670; 81
676; 69
674; 112
669; 90
683; 31
681; 62
682; 79
661; 182
658; 178
693; 50
691; 61
679; 109
694; 50
678; 137
696; 60
688; 95
701; 19
692; 74
690; 83
685; 115
695; 53
697; 32
698; 48
684; 112
687; 88
671; 229
704; 19
686; 115
677; 167
689; 90
709; 8
699; 34
710; 29
706; 51
707; 41
702; 49
719; 5
708; 23
715; 7
700; 89
712; 51
703; 27
716; 15
720; 20
718; 19
717; 8
713; 21
705; 40
711; 22
714; 26
726; 0
722; 1
723; 0
721; 0
725; 0
724; 7
727; 0
730; 0
731; 0
733; 0
728; 5
729; 2
734; 0
732; 0
735; 1
738; 0
737; 0
736; 3
743; 2
740; 1
742; 4
739; 3
746; 0
741; 0
745; 5
744; 1
748; 0
751; 0
749; 4
747; 3
756; 2
750; 15
752; 17
755; 11
761; 9
753; 29
754; 18
759; 11
757; 13
765; 1
764; 2
762; 16
758; 12
766; 2
760; 9
763; 11
767; 0
770; 0
769; 0
773; 0
771; 0
768; 1
777; 0
775; 0
774; 0
772; 0
781; 0
778; 0
779; 0
776; 0
782; 0
785; 0
780; 0
783; 0
786; 0
787; 0
784; 0
788; 0
791; 0
790; 0
789; 0
793; 0
795; 0
799; 3
794; 1
792; 0
800; 6
796; 3
798; 4
803; 4
804; 2
797; 1
802; 3
810; 17
806; 27
814; 5
801; 27
805; 21
813; 7
808; 14
816; 4
807; 7
809; 20
815; 2
812; 8
811; 22
819; 0
820; 0
817; 3
822; 0
823; 0
824; 0
821; 0
818; 4
829; 0
825; 2
828; 0
826; 3
827; 0
830; 12
831; 9
834; 1
837; 7
835; 6
832; 2
833; 0
838; 2
836; 19
839; 1
841; 11
844; 7
848; 47
849; 27
847; 11
845; 31
842; 36
843; 26
852; 33
840; 54
854; 5
859; 0
850; 21
846; 35
853; 5
855; 5
856; 3
851; 13
858; 0
860; 0
857; 0
864; 0
861; 0
862; 0
865; 0
867; 0
863; 0
868; 2
870; 1
869; 0
873; 1
866; 0
874; 0
872; 1
881; 0
876; 16
879; 3
883; 15
880; 7
889; 6
891; 1
875; 44
877; 50
882; 9
878; 50
886; 33
887; 14
871; 59
892; 3
884; 35
894; 28
896; 2
895; 18
885; 52
890; 13
888; 30
897; 5
893; 27
902; 13
898; 19
900; 3
899; 9
906; 4
904; 10
905; 9
901; 14
903; 4
909; 0
908; 0
911; 10
910; 4
907; 24
913; 12
918; 4
914; 16
915; 16
912; 5
916; 23
919; 1
917; 5
920; 1
929; 9
921; 7
922; 9
925; 14
933; 27
926; 38
924; 73
938; 62
934; 51
923; 109
935; 79
937; 94
932; 100
942; 56
930; 132
955; 34
950; 72
964; 15
936; 150
928; 135
953; 61
940; 140
941; 139
943; 123
931; 160
945; 135
967; 29
958; 88
961; 33
927; 194
969; 25
952; 101
966; 17
960; 66
949; 116
956; 84
973; 35
947; 161
946; 142
944; 191
965; 81
975; 28
948; 209
981; 36
982; 25
983; 30
972; 119
954; 222
976; 97
998; 7
971; 155
979; 71
951; 311
985; 111
968; 175
991; 87
994; 71
999; 57
957; 337
963; 305
1000; 114
939; 485
980; 205
992; 189
987; 235
977; 330
984; 247
974; 329
986; 272
970; 402
993; 279
996; 339
997; 325
959; 562
978; 450
990; 377
988; 390
989; 461
995; 462
962; 686
3; 0
4; 0
2; 0
1; 0
5; 0
10; 0
7; 2
12; 4
8; 6
6; 0
9; 0
11; 8
19; 2
20; 2
15; 1
17; 1
13; 9
18; 3
14; 32
21; 5
26; 0
22; 14
16; 14
27; 7
24; 3
23; 5
25; 4
29; 0
30; 0
28; 17
33; 0
34; 1
38; 2
32; 3
35; 11
31; 2
37; 12
42; 5
43; 11
39; 0
36; 7
41; 4
44; 1
40; 0
46; 0
53; 0
47; 1
58; 3
45; 22
50; 9
54; 4
57; 5
52; 15
49; 1
56; 17
48; 5
59; 2
51; 6
60; 1
62; 7
55; 30
64; 7
61; 9
68; 0
63; 7
65; 1
66; 0
71; 0
67; 9
73; 0
70; 0
72; 0
74; 9
85; 6
69; 43
78; 8
83; 24
76; 41
81; 53
89; 9
79; 49
87; 13
80; 53
77; 69
75; 58
82; 35
90; 15
93; 1
86; 37
94; 15
91; 1
92; 4
99; 9
95; 2
102; 6
84; 38
96; 7
101; 3
88; 52
97; 10
106; 4
108; 10
105; 6
104; 11
98; 9
110; 0
112; 0
109; 7
103; 3
100; 26
111; 1
115; 1
107; 13
114; 2
116; 0
117; 3
118; 0
113; 2
119; 1
123; 0
121; 0
120; 0
127; 0
128; 0
122; 0
125; 0
124; 0
131; 0
126; 3
130; 15
134; 16
129; 22
138; 23
139; 28
135; 17
141; 15
132; 60
142; 73
148; 56
149; 32
144; 48
137; 114
156; 33
155; 62
147; 77
136; 161
146; 71
151; 80
161; 31
133; 155
167; 24
176; 8
157; 37
175; 2
159; 64
158; 35
153; 71
160; 46
145; 120
162; 70
166; 51
165; 79
178; 50
182; 39
150; 142
187; 33
179; 50
143; 207
170; 63
174; 78
180; 88
188; 76
184; 133
173; 156
204; 10
140; 289
154; 245
164; 238
183; 145
181; 175
208; 56
207; 71
177; 202
172; 192
192; 138
196; 159
210; 80
186; 186
200; 94
185; 174
194; 124
206; 103
201; 105
171; 235
209; 117
193; 132
195; 165
222; 2
205; 127
218; 39
212; 100
213; 110
198; 203
169; 297
215; 113
152; 368
224; 46
217; 84
202; 181
190; 287
191; 223
211; 152
226; 50
163; 381
233; 21
228; 25
199; 192
219; 74
214; 153
197; 249
223; 49
238; 6
225; 99
168; 405
234; 35
221; 109
227; 58
229; 76
232; 88
220; 151
236; 47
203; 251
231; 89
230; 75
239; 45
216; 223
189; 304
237; 35
242; 29
243; 8
246; 0
235; 47
240; 59
241; 35
244; 5
245; 15
247; 16
253; 19
249; 21
248; 12
258; 0
256; 2
257; 18
252; 13
259; 3
250; 11
260; 5
251; 12
261; 0
255; 22
263; 0
254; 13
262; 0
267; 2
264; 7
270; 0
266; 10
269; 7
265; 13
268; 13
272; 4
275; 22
276; 2
273; 1
271; 20
274; 28
279; 0
280; 0
277; 0
281; 0
282; 0
289; 7
278; 24
287; 8
296; 5
283; 12
290; 22
285; 23
292; 47
288; 40
294; 27
291; 51
284; 54
298; 22
299; 43
307; 8
295; 62
297; 35
286; 103
301; 48
293; 50
308; 26
300; 37
306; 24
302; 33
304; 23
310; 0
303; 13
305; 26
309; 2
314; 6
311; 7
313; 0
316; 4
312; 7
320; 0
315; 1
323; 0
317; 2
319; 4
321; 11
327; 16
324; 4
331; 5
325; 38
326; 15
329; 11
330; 12
318; 33
335; 1
334; 12
332; 6
322; 34
336; 0
333; 1
328; 27
337; 0
344; 2
345; 1
341; 10
339; 6
346; 1
342; 4
348; 9
351; 10
338; 14
347; 14
343; 9
349; 5
356; 0
340; 10
353; 1
354; 1
350; 11
357; 3
355; 7
359; 0
352; 8
358; 0
360; 0
361; 1
362; 2
364; 3
363; 6
366; 0
369; 29
376; 6
375; 4
370; 22
367; 14
365; 20
368; 12
371; 33
372; 9
373; 5
377; 2
374; 28
379; 0
378; 0
380; 0
382; 5
381; 0
384; 0
387; 2
386; 0
388; 0
383; 9
389; 2
385; 0
390; 1
391; 0
392; 0
405; 4
396; 20
395; 15
393; 17
397; 24
399; 39
403; 33
407; 7
394; 24
398; 20
401; 10
404; 8
412; 0
402; 18
409; 2
400; 27
411; 4
414; 4
410; 0
406; 17
408; 4
413; 0
415; 25
421; 22
419; 36
422; 43
416; 36
417; 37
426; 59
423; 53
427; 48
436; 31
428; 73
434; 31
429; 74
433; 46
431; 55
425; 74
420; 77
430; 82
440; 2
438; 9
418; 96
435; 19
437; 29
451; 3
424; 118
449; 7
441; 21
432; 59
444; 31
453; 1
443; 16
448; 30
442; 60
445; 39
446; 76
464; 6
458; 36
461; 34
450; 87
439; 117
454; 21
456; 42
452; 63
457; 26
459; 27
447; 56
455; 72
465; 29
463; 22
467; 8
460; 47
471; 1
466; 23
472; 3
462; 45
476; 2
468; 19
469; 1
473; 3
477; 0
470; 5
478; 3
474; 3
475; 1
485; 3
481; 24
479; 16
480; 3
483; 13
482; 9
491; 5
487; 7
490; 2
493; 0
492; 0
489; 7
484; 10
488; 14
486; 17
494; 11
496; 0
495; 48
501; 12
500; 7
502; 46
497; 44
498; 45
504; 18
503; 48
511; 5
499; 25
506; 14
505; 13
509; 13
514; 8
513; 10
512; 6
516; 0
507; 26
508; 19
510; 6
515; 0
519; 0
521; 0
517; 0
518; 0
523; 0
520; 0
524; 0
522; 3
528; 11
525; 22
529; 12
526; 41
527; 15
533; 30
541; 12
532; 18
539; 30
531; 35
538; 23
534; 58
535; 38
537; 41
536; 71
530; 74
550; 12
543; 7
542; 66
548; 14
544; 35
540; 61
556; 12
561; 13
554; 24
545; 51
546; 40
551; 44
562; 33
547; 49
549; 48
552; 24
560; 29
557; 35
566; 20
568; 17
553; 80
563; 53
559; 70
567; 56
555; 108
565; 33
573; 20
571; 58
558; 86
577; 34
569; 76
564; 93
574; 8
575; 43
572; 35
576; 20
578; 10
570; 48
580; 33
585; 22
579; 58
582; 11
586; 44
581; 52
590; 38
587; 49
588; 29
583; 48
592; 38
584; 58
599; 21
598; 51
605; 17
593; 77
603; 24
606; 19
595; 61
607; 19
600; 43
602; 58
612; 45
596; 80
610; 68
620; 8
589; 120
629; 8
594; 141
608; 87
611; 66
591; 181
615; 75
619; 48
627; 30
609; 69
601; 113
623; 80
597; 179
613; 85
630; 54
614; 115
622; 86
604; 162
626; 44
618; 117
628; 86
625; 84
621; 110
637; 22
636; 34
616; 201
635; 75
634; 98
624; 161
639; 49
642; 56
648; 24
617; 204
656; 8
632; 132
631; 151
633; 131
645; 73
653; 54
644; 117
638; 167
660; 27
652; 58
662; 33
643; 106
668; 27
640; 126
655; 60
657; 96
646; 138
665; 57
661; 67
659; 90
647; 165
654; 90
669; 32
658; 110
641; 177
664; 83
650; 114
676; 40
672; 38
649; 171
675; 44
651; 165
670; 93
681; 33
677; 26
686; 3
679; 43
667; 148
673; 100
678; 93
663; 183
691; 23
690; 13
682; 101
685; 84
688; 43
666; 161
680; 99
696; 5
674; 139
684; 75
692; 29
689; 55
693; 40
671; 172
683; 129
701; 1
695; 47
704; 14
699; 21
687; 83
694; 52
709; 14
708; 12
702; 35
697; 36
716; 8
712; 17
707; 43
705; 56
700; 71
698; 85
715; 43
711; 52
720; 22
719; 5
710; 61
714; 34
721; 13
713; 40
703; 74
706; 53
717; 4
718; 11
722; 0
723; 0
728; 0
726; 0
725; 0
724; 0
731; 0
727; 9
729; 5
737; 16
733; 42
744; 22
740; 18
734; 58
732; 52
745; 11
748; 2
746; 14
738; 26
750; 14
730; 75
742; 48
741; 33
751; 1
735; 63
739; 82
736; 58
747; 35
743; 69
749; 5
752; 0
755; 23
760; 1
756; 21
754; 44
767; 3
765; 10
761; 41
753; 85
766; 17
759; 55
757; 63
758; 52
776; 26
780; 25
779; 18
771; 53
764; 90
782; 19
769; 83
774; 47
762; 126
783; 75
787; 40
781; 87
798; 4
772; 93
786; 50
778; 121
794; 47
792; 69
770; 158
788; 42
775; 157
795; 35
763; 185
807; 6
801; 45
789; 100
790; 83
802; 21
785; 123
805; 55
768; 218
806; 44
799; 99
811; 39
800; 110
777; 275
796; 181
773; 294
810; 77
803; 122
791; 200
825; 18
814; 50
784; 239
817; 90
816; 81
804; 145
793; 206
812; 69
808; 144
818; 118
797; 255
819; 127
821; 122
822; 125
829; 45
809; 215
828; 117
840; 30
826; 118
815; 217
842; 66
844; 38
830; 111
831; 94
827; 148
837; 109
838; 98
834; 106
850; 46
820; 196
849; 49
823; 186
848; 24
839; 89
813; 294
845; 93
832; 154
853; 51
852; 37
856; 18
836; 156
841; 130
824; 232
861; 5
835; 206
865; 9
843; 174
858; 47
854; 92
847; 114
864; 28
846; 134
862; 36
851; 108
857; 64
855; 80
863; 40
870; 11
859; 63
833; 238
860; 68
873; 11
872; 19
866; 46
867; 45
875; 16
869; 20
878; 2
876; 14
874; 39
868; 78
877; 26
881; 16
882; 25
884; 1
871; 49
880; 19
879; 36
883; 2
885; 0
888; 0
887; 0
891; 0
886; 7
894; 0
893; 1
897; 1
898; 0
890; 1
889; 1
892; 0
896; 0
901; 8
895; 10
902; 7
900; 0
899; 9
904; 0
903; 0
905; 12
906; 0
907; 4
911; 6
909; 0
910; 0
913; 0
908; 0
912; 3
914; 0
915; 0
918; 0
916; 0
921; 0
919; 0
922; 1
917; 0
924; 1
923; 3
927; 1
925; 4
929; 5
920; 0
926; 0
928; 13
933; 3
935; 9
938; 0
936; 8
932; 15
940; 11
931; 11
941; 1
947; 1
934; 23
937; 18
949; 7
939; 2
948; 17
950; 23
944; 22
942; 34
930; 54
955; 42
954; 13
953; 32
946; 22
956; 18
945; 56
951; 39
943; 68
958; 21
952; 25
960; 15
964; 2
962; 5
969; 4
966; 4
957; 57
959; 23
961; 15
965; 6
967; 0
963; 11
968; 5
976; 33
973; 8
984; 48
980; 26
981; 21
975; 92
993; 12
978; 62
972; 99
971; 97
970; 83
977; 74
982; 76
983; 89
997; 33
998; 35
985; 111
979; 122
1000; 43
989; 74
999; 79
988; 114
995; 102
994; 89
986; 161
974; 158
992; 138
987; 165
990; 119
991; 119
996; 105
