4; 0
1; 0
5; 0
3; 1
8; 0
2; 0
9; 0
6; 0
10; 0
14; 0
7; 0
11; 0
13; 0
12; 0
15; 0
17; 0
18; 0
16; 0
20; 0
21; 0
19; 0
22; 0
23; 3
26; 4
25; 1
29; 7
39; 5
28; 13
27; 32
24; 37
35; 33
33; 28
34; 25
37; 15
40; 12
44; 18
46; 20
30; 58
38; 83
49; 6
42; 20
47; 30
41; 58
36; 64
51; 0
31; 81
32; 82
43; 35
50; 17
45; 45
48; 30
52; 17
54; 25
59; 4
67; 8
56; 20
55; 5
57; 24
58; 13
53; 39
69; 17
62; 20
73; 0
66; 4
64; 11
60; 16
63; 17
61; 30
65; 9
72; 6
74; 5
70; 8
68; 6
71; 12
77; 2
79; 10
78; 11
75; 32
80; 1
76; 19
83; 15
81; 7
82; 18
85; 32
89; 9
93; 14
90; 18
86; 13
84; 25
87; 2
88; 21
91; 3
102; 2
95; 12
96; 17
100; 5
94; 1
98; 19
92; 32
105; 7
109; 13
97; 28
108; 8
101; 33
106; 25
107; 12
103; 24
104; 24
110; 0
99; 47
117; 8
113; 14
115; 8
120; 0
112; 0
114; 1
111; 7
121; 0
116; 12
125; 0
119; 0
118; 3
126; 0
123; 0
124; 0
122; 0
128; 0
129; 0
132; 0
130; 2
127; 5
133; 8
136; 5
137; 15
131; 15
140; 2
135; 10
142; 4
134; 11
138; 8
144; 0
139; 8
141; 14
148; 0
147; 0
145; 15
155; 3
143; 17
151; 1
154; 25
149; 38
152; 16
150; 19
146; 50
153; 39
156; 10
160; 17
159; 15
166; 5
168; 0
162; 6
157; 34
161; 3
158; 33
164; 15
167; 7
169; 8
174; 2
170; 0
163; 10
165; 22
173; 13
172; 3
175; 0
171; 0
180; 0
176; 4
178; 3
182; 0
177; 3
183; 3
179; 22
181; 2
185; 1
184; 0
186; 1
187; 0
188; 0
190; 0
195; 0
192; 0
191; 6
193; 0
197; 0
194; 0
189; 2
196; 0
200; 5
210; 10
198; 0
202; 13
205; 4
206; 17
204; 24
207; 8
203; 8
209; 14
199; 11
211; 11
208; 17
214; 1
212; 3
215; 0
218; 4
201; 9
217; 0
213; 2
216; 1
222; 1
219; 2
220; 0
221; 0
225; 0
226; 0
223; 2
224; 0
227; 0
228; 0
229; 6
234; 7
230; 7
232; 2
238; 0
240; 6
236; 27
235; 9
237; 41
239; 7
233; 33
231; 10
248; 18
244; 24
246; 50
256; 23
245; 50
242; 54
254; 20
243; 48
241; 81
249; 51
251; 59
260; 45
267; 4
250; 72
273; 5
257; 49
258; 80
247; 100
255; 96
259; 97
252; 67
270; 23
276; 19
275; 25
263; 83
277; 2
262; 121
253; 110
271; 60
264; 63
261; 64
269; 30
268; 46
279; 5
272; 42
266; 41
278; 6
265; 98
283; 0
280; 2
284; 0
281; 7
285; 0
282; 0
274; 23
293; 1
287; 4
286; 13
291; 0
289; 3
288; 0
290; 21
294; 0
297; 0
292; 14
299; 0
296; 0
298; 0
303; 1
301; 8
304; 0
295; 10
308; 4
300; 6
302; 1
305; 0
309; 4
310; 5
311; 0
306; 0
307; 0
312; 0
318; 3
313; 3
314; 6
315; 0
316; 5
317; 0
321; 1
319; 1
320; 3
325; 0
322; 0
328; 6
331; 1
323; 12
324; 5
326; 22
332; 3
333; 5
340; 6
341; 23
343; 13
337; 36
336; 22
346; 26
327; 61
335; 51
344; 10
334; 50
342; 45
347; 17
351; 10
353; 32
349; 65
339; 81
350; 44
348; 25
329; 144
345; 80
352; 56
359; 9
330; 97
355; 38
365; 11
338; 103
356; 52
354; 88
362; 33
373; 0
364; 17
368; 34
357; 64
361; 32
366; 26
363; 24
374; 32
360; 75
370; 68
369; 54
367; 62
358; 116
380; 44
377; 61
372; 75
381; 31
389; 22
388; 6
378; 71
379; 75
384; 29
376; 41
387; 15
371; 73
375; 56
385; 46
382; 72
383; 59
394; 12
390; 38
391; 20
398; 0
392; 21
395; 14
386; 41
397; 9
396; 17
400; 5
393; 46
404; 6
402; 2
401; 2
403; 2
399; 3
405; 0
406; 0
408; 0
414; 1
415; 0
410; 10
409; 15
417; 0
407; 9
411; 9
419; 1
413; 3
412; 30
418; 2
420; 3
422; 0
425; 4
424; 0
416; 5
421; 3
423; 7
426; 0
427; 1
428; 0
432; 2
436; 1
429; 0
431; 0
430; 0
435; 4
433; 10
440; 0
438; 2
437; 0
434; 1
441; 0
439; 2
443; 0
442; 2
448; 3
447; 0
444; 0
446; 0
445; 0
451; 0
453; 0
449; 1
450; 5
458; 5
455; 30
454; 30
460; 23
457; 33
468; 8
462; 38
452; 76
467; 19
465; 21
456; 53
464; 58
461; 39
478; 2
472; 14
474; 23
466; 48
480; 28
477; 32
484; 16
475; 22
463; 102
469; 98
490; 23
482; 42
493; 17
471; 134
470; 115
483; 42
473; 99
487; 45
498; 10
459; 171
506; 8
486; 48
488; 62
495; 78
505; 18
501; 30
496; 61
481; 100
485; 81
503; 38
507; 27
513; 11
517; 20
479; 140
476; 210
500; 91
492; 85
494; 114
497; 108
531; 2
509; 56
499; 108
514; 67
521; 20
491; 123
519; 28
511; 60
502; 137
518; 76
510; 65
508; 93
520; 91
504; 201
537; 50
536; 76
530; 95
553; 0
515; 169
541; 76
525; 143
544; 44
529; 132
539; 136
543; 76
527; 184
548; 82
549; 112
559; 36
533; 151
532; 158
524; 227
526; 210
545; 139
555; 61
547; 129
540; 206
512; 303
551; 107
538; 176
528; 232
542; 211
523; 273
560; 114
562; 68
556; 137
570; 61
569; 87
489; 500
535; 303
558; 162
581; 47
552; 173
567; 117
584; 24
580; 44
576; 110
563; 163
566; 133
554; 235
557; 187
589; 22
516; 404
568; 167
546; 305
571; 191
582; 88
593; 21
534; 332
572; 176
522; 446
597; 17
585; 83
578; 128
565; 216
579; 124
574; 159
575; 142
573; 161
586; 83
550; 317
577; 194
564; 223
587; 81
590; 100
592; 91
596; 62
561; 213
595; 67
583; 130
588; 69
594; 86
601; 2
599; 35
591; 87
603; 0
600; 1
598; 27
605; 0
604; 0
602; 6
606; 0
608; 0
611; 0
609; 0
607; 0
612; 0
610; 0
613; 0
615; 0
614; 0
616; 0
619; 0
618; 0
617; 5
620; 4
621; 8
622; 5
624; 11
630; 3
625; 1
633; 3
628; 2
629; 5
623; 17
626; 6
631; 0
627; 10
632; 7
638; 1
634; 6
635; 0
640; 0
636; 5
637; 0
639; 2
643; 0
644; 0
641; 0
642; 0
645; 0
646; 0
647; 0
651; 0
648; 0
652; 0
649; 1
655; 0
650; 0
653; 0
654; 0
656; 10
658; 0
660; 0
662; 1
657; 0
659; 2
664; 0
663; 0
661; 1
665; 0
666; 0
669; 15
671; 2
667; 14
672; 33
668; 13
681; 14
673; 15
670; 16
678; 43
677; 41
680; 19
675; 35
683; 13
674; 61
682; 40
685; 35
676; 57
688; 31
679; 51
684; 63
699; 22
686; 49
695; 5
692; 31
689; 34
690; 54
694; 16
693; 43
696; 10
698; 4
691; 37
687; 61
708; 7
700; 18
697; 23
706; 27
710; 20
701; 25
702; 21
709; 27
704; 9
705; 10
707; 22
703; 22
711; 14
712; 4
713; 0
716; 10
714; 1
717; 3
715; 0
718; 0
719; 0
721; 0
720; 33
724; 15
725; 6
723; 36
726; 39
722; 35
731; 34
727; 27
729; 39
728; 11
735; 0
730; 35
733; 7
732; 11
734; 5
740; 0
736; 0
739; 3
742; 4
738; 26
737; 12
750; 7
747; 4
743; 5
741; 3
748; 0
746; 14
745; 8
752; 0
744; 11
755; 0
753; 0
754; 0
749; 3
756; 0
751; 1
759; 2
760; 1
765; 3
764; 5
757; 2
766; 0
758; 0
769; 0
761; 0
763; 1
767; 1
775; 1
762; 6
774; 25
773; 16
771; 26
778; 15
768; 18
770; 18
781; 8
780; 11
772; 11
777; 10
776; 16
782; 16
779; 33
786; 13
785; 0
791; 40
805; 8
784; 22
796; 18
783; 92
789; 58
787; 64
800; 48
802; 15
793; 58
815; 6
792; 85
788; 68
797; 84
803; 36
812; 34
794; 83
801; 89
806; 94
814; 44
810; 53
790; 154
808; 114
795; 147
820; 38
835; 3
823; 55
813; 130
809; 118
798; 175
833; 19
807; 141
811; 167
817; 125
821; 115
827; 48
838; 42
828; 68
837; 31
830; 65
816; 151
825; 125
842; 44
826; 122
818; 175
836; 78
804; 218
822; 135
834; 100
839; 35
843; 40
824; 115
819; 142
841; 31
840; 58
845; 27
844; 21
831; 119
832; 93
799; 322
854; 8
850; 25
853; 1
859; 10
829; 174
847; 49
852; 31
849; 46
846; 60
863; 13
864; 5
861; 34
857; 37
848; 79
851; 58
855; 69
862; 61
869; 32
873; 11
856; 25
874; 8
858; 65
860; 66
866; 6
870; 16
865; 27
872; 9
867; 27
875; 23
868; 23
871; 21
884; 5
880; 2
881; 5
876; 14
878; 7
879; 1
882; 0
877; 7
886; 3
890; 8
885; 2
888; 8
887; 15
883; 31
889; 10
895; 3
891; 8
894; 6
892; 26
900; 0
901; 1
898; 29
896; 6
899; 8
893; 3
897; 22
907; 27
919; 3
908; 18
914; 5
917; 45
922; 23
909; 31
915; 40
912; 45
910; 78
903; 76
902; 50
918; 39
924; 55
905; 72
904; 75
934; 27
933; 48
926; 60
916; 154
935; 107
925; 146
920; 155
960; 20
943; 84
940; 66
931; 152
906; 212
936; 116
927; 135
962; 22
942; 79
928; 214
952; 102
921; 213
953; 120
950; 163
939; 204
954; 116
965; 104
923; 263
945; 159
974; 11
951; 197
948; 155
911; 307
969; 43
959; 108
956; 116
949; 157
967; 129
947; 215
958; 150
970; 131
946; 235
937; 291
932; 342
964; 148
938; 236
990; 40
980; 51
941; 303
989; 57
978; 93
930; 348
972; 174
971; 137
961; 226
957; 223
983; 125
988; 76
968; 236
973; 178
977; 158
966; 216
984; 101
963; 261
976; 159
999; 3
929; 477
913; 497
985; 109
987; 149
997; 35
982; 163
944; 314
992; 142
986; 146
993; 100
991; 106
998; 35
994; 51
975; 217
981; 198
1000; 49
955; 328
995; 41
979; 224
996; 311
3; 0
6; 0
1; 0
4; 0
2; 0
5; 0
8; 0
7; 6
12; 9
9; 2
20; 0
16; 3
11; 13
17; 5
10; 7
14; 21
18; 1
15; 7
13; 17
22; 0
19; 2
21; 0
23; 0
25; 0
26; 0
29; 0
24; 0
32; 0
30; 0
33; 0
27; 6
28; 2
31; 0
35; 1
37; 1
34; 2
41; 0
36; 4
39; 8
44; 2
40; 0
43; 0
38; 0
42; 0
45; 0
49; 0
48; 0
46; 0
47; 0
50; 0
55; 0
51; 0
53; 0
52; 0
56; 0
58; 0
57; 2
54; 12
60; 1
61; 2
59; 14
62; 4
65; 34
63; 17
70; 9
64; 21
69; 7
67; 20
72; 15
68; 1
71; 1
66; 33
79; 3
73; 0
74; 0
77; 2
78; 6
75; 22
85; 18
76; 38
84; 12
81; 37
90; 8
87; 54
80; 66
89; 21
83; 29
91; 37
88; 32
86; 31
92; 25
94; 10
95; 0
96; 22
82; 75
93; 62
98; 4
100; 0
103; 8
97; 10
104; 0
106; 0
101; 15
105; 0
109; 7
99; 31
113; 23
117; 1
107; 9
102; 20
114; 22
111; 4
108; 17
115; 8
110; 3
119; 0
123; 0
112; 23
118; 0
120; 0
116; 12
128; 1
125; 0
122; 8
127; 2
124; 0
121; 7
126; 4
130; 0
131; 0
129; 0
136; 0
133; 4
140; 21
134; 31
137; 22
135; 43
150; 20
139; 97
169; 7
147; 102
165; 47
132; 131
146; 107
138; 119
163; 53
154; 105
141; 117
159; 69
161; 68
153; 111
149; 86
162; 64
164; 74
168; 80
143; 147
156; 104
172; 34
171; 33
176; 19
170; 56
157; 149
174; 26
142; 197
152; 147
160; 143
144; 169
158; 170
166; 159
181; 20
151; 176
155; 187
148; 177
180; 77
145; 226
167; 161
186; 34
185; 82
179; 75
175; 121
173; 134
202; 15
177; 109
200; 6
194; 51
178; 112
191; 48
201; 32
188; 66
183; 85
187; 92
198; 73
195; 70
197; 45
196; 57
182; 127
190; 74
184; 138
193; 128
203; 46
213; 35
214; 17
211; 38
205; 79
212; 37
204; 66
207; 60
199; 106
208; 112
192; 152
225; 3
210; 98
217; 43
189; 149
206; 121
209; 84
220; 43
216; 47
223; 44
215; 82
224; 1
219; 9
221; 53
218; 48
226; 0
229; 0
222; 49
227; 50
233; 64
232; 64
252; 19
236; 58
234; 58
239; 92
237; 64
245; 48
254; 12
241; 112
235; 132
250; 87
231; 105
238; 77
248; 81
228; 108
243; 114
261; 2
253; 42
251; 80
240; 104
242; 122
244; 96
246; 107
255; 29
258; 12
257; 30
247; 87
249; 83
230; 160
256; 20
260; 14
259; 17
262; 5
264; 0
263; 0
265; 4
266; 0
268; 6
270; 0
269; 0
272; 3
271; 12
267; 1
281; 14
274; 8
273; 23
282; 17
283; 1
276; 7
278; 9
275; 28
279; 22
277; 17
280; 25
289; 11
286; 12
285; 10
284; 25
287; 9
290; 13
292; 8
291; 10
299; 16
288; 17
294; 18
302; 7
293; 32
300; 29
297; 30
307; 12
310; 6
295; 31
306; 29
298; 65
305; 28
301; 42
296; 56
308; 22
316; 3
313; 0
309; 25
311; 8
304; 51
314; 1
315; 10
320; 1
303; 54
317; 17
322; 22
319; 15
336; 7
338; 2
324; 37
325; 49
312; 71
318; 50
327; 42
337; 45
321; 110
333; 28
335; 72
323; 78
328; 56
329; 57
330; 44
342; 56
326; 108
346; 3
334; 99
340; 37
349; 2
332; 97
343; 30
339; 44
348; 1
345; 4
344; 19
331; 86
341; 41
353; 3
347; 12
354; 1
358; 1
359; 7
350; 30
364; 17
361; 13
362; 31
372; 13
355; 62
360; 56
371; 27
369; 59
370; 61
352; 116
380; 47
384; 56
367; 83
383; 52
378; 35
365; 149
394; 43
395; 53
382; 107
356; 211
368; 169
389; 117
357; 174
402; 72
351; 242
363; 223
407; 40
409; 72
401; 101
398; 126
385; 146
375; 229
400; 94
391; 134
376; 178
403; 105
377; 227
399; 153
396; 177
406; 118
374; 255
379; 226
411; 145
405; 138
419; 84
410; 141
414; 105
390; 243
408; 166
412; 130
423; 48
424; 56
388; 252
373; 308
381; 286
392; 250
387; 263
397; 209
404; 196
393; 228
418; 116
422; 111
386; 307
435; 14
413; 197
366; 368
438; 8
432; 10
420; 96
417; 202
421; 102
425; 32
415; 171
416; 220
429; 53
431; 80
430; 96
433; 85
434; 58
436; 61
427; 93
450; 34
437; 63
451; 53
442; 66
428; 151
453; 24
443; 46
446; 48
458; 14
426; 153
439; 56
447; 56
445; 55
457; 11
462; 1
441; 91
449; 80
454; 31
440; 84
444; 101
472; 3
452; 83
464; 10
474; 24
460; 83
448; 127
459; 114
463; 41
455; 97
461; 69
465; 32
468; 36
466; 59
477; 31
471; 69
467; 42
469; 53
470; 91
473; 52
484; 28
492; 4
483; 58
486; 34
478; 37
456; 185
481; 40
485; 56
494; 18
491; 24
482; 49
496; 2
495; 30
488; 41
476; 101
475; 87
490; 48
497; 11
480; 88
500; 3
487; 57
493; 59
508; 14
479; 182
503; 42
510; 30
502; 24
498; 43
501; 55
506; 34
505; 45
512; 24
489; 87
511; 38
515; 7
507; 18
513; 28
499; 52
518; 7
517; 32
532; 4
509; 157
524; 41
514; 136
516; 102
527; 65
523; 64
540; 2
529; 65
533; 67
522; 106
504; 175
539; 29
526; 112
537; 31
535; 69
548; 3
534; 67
520; 121
547; 0
519; 179
546; 4
531; 61
521; 152
530; 112
545; 64
528; 162
555; 34
549; 38
543; 46
536; 130
541; 84
552; 50
554; 45
564; 24
525; 207
550; 66
538; 155
567; 10
553; 95
557; 56
563; 56
562; 50
559; 62
544; 135
569; 18
542; 136
558; 61
551; 138
568; 19
565; 54
566; 70
571; 30
572; 29
577; 11
556; 139
561; 85
576; 4
560; 98
570; 62
582; 43
580; 57
581; 42
575; 77
578; 101
590; 52
589; 53
591; 49
593; 15
573; 105
584; 59
574; 118
579; 97
586; 95
600; 20
598; 30
605; 8
595; 58
588; 113
597; 63
606; 4
607; 9
587; 114
585; 116
601; 46
592; 57
609; 8
583; 75
604; 22
599; 47
603; 19
608; 12
594; 80
596; 73
602; 28
610; 0
612; 0
611; 0
619; 1
616; 4
617; 1
613; 2
615; 3
614; 1
620; 4
622; 8
630; 0
627; 6
618; 10
623; 2
624; 21
625; 17
626; 9
621; 27
628; 15
637; 1
638; 5
629; 11
631; 12
633; 18
636; 9
639; 6
632; 10
641; 1
634; 10
635; 48
640; 20
649; 14
650; 6
647; 19
645; 14
642; 15
656; 0
646; 16
654; 0
651; 7
653; 14
643; 25
648; 23
659; 0
657; 0
644; 17
660; 0
652; 17
658; 5
655; 9
664; 3
661; 6
663; 9
667; 23
672; 7
671; 8
673; 14
670; 15
668; 15
665; 52
679; 1
678; 3
666; 27
662; 39
676; 6
675; 5
674; 21
669; 39
677; 37
680; 28
696; 6
692; 11
697; 38
682; 73
707; 20
699; 25
701; 54
706; 28
695; 80
685; 109
684; 103
708; 39
690; 75
703; 101
689; 122
698; 73
704; 124
713; 67
693; 135
691; 141
687; 165
717; 80
711; 77
728; 15
714; 85
681; 212
718; 83
722; 76
694; 206
719; 60
702; 182
700; 141
688; 196
720; 92
715; 109
725; 22
726; 21
732; 11
709; 147
683; 230
710; 144
716; 119
686; 241
721; 84
724; 94
739; 31
738; 24
737; 52
736; 37
712; 140
733; 71
729; 112
727; 126
748; 25
746; 38
705; 273
745; 38
730; 121
734; 113
756; 3
723; 150
747; 59
750; 55
742; 110
749; 100
744; 94
764; 9
741; 118
755; 67
752; 116
743; 142
731; 161
758; 85
735; 156
754; 92
766; 44
751; 93
740; 142
757; 70
763; 50
753; 114
769; 18
768; 25
767; 55
759; 83
775; 2
761; 72
760; 104
765; 58
772; 16
776; 32
782; 22
770; 65
779; 25
793; 6
785; 48
762; 176
774; 90
777; 65
778; 62
773; 127
802; 20
771; 137
807; 16
784; 88
790; 92
780; 144
791; 113
787; 91
789; 86
781; 159
786; 110
792; 85
810; 33
811; 7
803; 58
796; 72
783; 191
788; 163
812; 12
794; 100
798; 100
804; 92
801; 102
806; 93
800; 97
805; 105
799; 120
813; 51
797; 134
816; 26
822; 1
818; 14
821; 10
814; 54
808; 143
815; 51
819; 19
795; 200
828; 0
820; 24
831; 2
825; 22
817; 36
827; 1
829; 0
809; 110
826; 3
824; 24
823; 70
836; 23
833; 60
843; 43
837; 39
847; 17
845; 74
850; 44
832; 96
848; 79
851; 17
835; 116
855; 24
839; 81
846; 84
856; 40
852; 29
830; 109
841; 66
853; 62
844; 78
842; 98
849; 110
864; 1
838; 135
862; 19
840; 130
834; 166
865; 0
860; 9
858; 27
867; 2
854; 54
861; 18
857; 57
859; 39
871; 6
870; 4
863; 46
868; 29
866; 11
873; 10
876; 1
874; 11
877; 0
872; 5
869; 26
878; 0
879; 0
875; 7
881; 0
885; 1
883; 1
880; 1
886; 3
882; 8
884; 0
887; 1
890; 7
888; 9
891; 7
889; 15
897; 4
894; 11
901; 11
898; 0
893; 8
892; 15
900; 2
902; 4
903; 0
895; 3
896; 2
899; 12
908; 22
904; 3
912; 0
911; 1
907; 2
909; 5
906; 15
910; 2
905; 0
914; 0
915; 4
918; 31
922; 26
924; 11
919; 10
926; 12
917; 10
921; 34
913; 26
920; 55
925; 69
930; 23
928; 13
916; 80
923; 78
927; 36
932; 16
929; 23
935; 11
940; 6
938; 7
939; 0
931; 20
933; 27
942; 0
934; 22
937; 8
936; 12
941; 7
943; 0
948; 0
951; 3
952; 0
947; 0
946; 0
944; 5
945; 27
959; 9
954; 9
956; 31
960; 52
953; 26
949; 70
957; 36
955; 82
961; 56
969; 9
966; 61
950; 77
963; 44
973; 19
965; 90
978; 22
962; 77
979; 6
968; 54
971; 116
964; 119
984; 71
986; 44
975; 107
977; 91
970; 129
974; 101
990; 60
1000; 37
972; 171
981; 111
958; 191
985; 71
995; 101
996; 53
991; 156
989; 82
983; 166
998; 64
980; 130
992; 121
993; 167
994; 176
982; 160
997; 130
967; 259
988; 226
976; 291
999; 193
987; 278
1; 0
2; 0
3; 0
6; 4
8; 7
7; 22
14; 33
18; 1
10; 3
11; 6
9; 18
4; 42
16; 6
12; 44
13; 61
20; 23
5; 71
15; 91
19; 35
25; 4
23; 27
27; 14
24; 10
21; 25
22; 10
30; 5
26; 28
17; 58
33; 2
28; 16
31; 0
36; 2
29; 12
34; 0
35; 7
41; 8
51; 7
39; 13
32; 52
40; 44
44; 52
49; 44
46; 60
66; 22
54; 62
43; 80
50; 68
59; 35
45; 77
58; 43
61; 58
63; 49
57; 75
37; 122
56; 58
64; 39
42; 135
52; 66
48; 101
74; 10
47; 122
62; 70
79; 25
53; 87
73; 22
55; 139
67; 52
70; 40
78; 25
77; 53
38; 219
76; 66
69; 96
60; 120
83; 18
75; 72
84; 22
71; 84
65; 145
72; 65
68; 109
82; 53
80; 48
89; 0
81; 45
86; 36
88; 1
85; 28
87; 3
90; 0
93; 4
91; 0
94; 0
92; 3
96; 0
95; 1
101; 0
98; 0
100; 1
97; 0
99; 0
103; 0
105; 0
102; 0
107; 0
104; 0
106; 0
110; 0
108; 0
109; 0
112; 0
113; 4
117; 0
118; 9
111; 3
114; 0
120; 6
123; 0
115; 2
121; 11
119; 0
122; 0
116; 6
129; 8
128; 31
130; 20
127; 7
125; 33
126; 46
140; 16
124; 67
144; 4
136; 34
134; 62
137; 22
132; 45
139; 28
131; 51
143; 35
133; 30
142; 31
138; 60
135; 44
146; 13
141; 40
147; 8
148; 1
145; 28
149; 3
150; 1
152; 13
151; 0
153; 3
154; 10
156; 1
157; 0
155; 0
158; 0
159; 3
160; 0
166; 10
170; 11
162; 19
164; 42
175; 29
173; 21
161; 62
168; 39
165; 78
177; 10
176; 46
169; 77
167; 83
184; 11
172; 85
178; 40
192; 11
191; 41
163; 121
181; 72
179; 86
183; 62
190; 46
189; 33
187; 46
188; 67
171; 104
174; 89
185; 81
195; 17
180; 97
193; 73
182; 173
202; 8
186; 89
209; 4
197; 54
196; 43
203; 70
208; 20
201; 89
211; 8
200; 96
204; 76
222; 43
194; 152
198; 116
212; 79
226; 39
225; 22
205; 128
228; 39
217; 121
224; 45
231; 26
210; 121
218; 107
214; 115
216; 91
236; 12
215; 141
233; 45
207; 141
199; 158
206; 157
232; 29
219; 110
234; 20
221; 102
223; 82
213; 129
230; 40
229; 57
235; 20
227; 76
239; 0
240; 3
220; 132
237; 3
241; 0
244; 0
238; 4
245; 19
242; 19
243; 8
251; 9
249; 7
250; 11
246; 24
253; 2
257; 1
252; 6
256; 0
247; 6
248; 4
254; 0
255; 2
258; 0
260; 0
259; 0
263; 0
261; 0
266; 0
262; 0
265; 0
267; 7
264; 2
269; 4
275; 18
270; 26
276; 2
286; 20
277; 55
273; 55
290; 15
278; 91
272; 73
287; 19
280; 31
271; 104
282; 50
291; 9
285; 61
279; 75
281; 71
274; 85
284; 46
288; 12
298; 2
289; 52
295; 18
268; 114
283; 71
293; 14
292; 11
299; 8
297; 2
300; 1
296; 5
294; 3
301; 0
304; 0
305; 7
312; 2
308; 12
313; 11
318; 10
316; 6
311; 25
319; 9
315; 14
309; 47
306; 37
303; 41
320; 23
323; 24
326; 8
324; 34
314; 63
322; 32
302; 66
307; 70
317; 51
329; 24
321; 64
331; 3
325; 16
335; 2
310; 58
333; 5
328; 16
334; 6
327; 16
337; 8
330; 0
336; 12
332; 17
339; 10
344; 2
346; 0
338; 11
342; 5
351; 0
340; 7
343; 8
354; 0
341; 10
352; 4
349; 5
353; 0
347; 7
348; 5
355; 0
350; 7
345; 19
356; 0
358; 3
363; 3
357; 10
366; 0
360; 9
359; 2
361; 6
368; 0
364; 3
362; 0
365; 0
367; 0
369; 0
375; 2
370; 9
374; 4
372; 3
378; 4
373; 8
371; 9
380; 7
385; 8
382; 14
381; 16
376; 16
379; 2
383; 7
377; 12
386; 17
384; 11
390; 2
389; 25
388; 5
387; 10
392; 7
393; 7
396; 2
394; 2
391; 28
401; 3
395; 6
398; 1
399; 1
406; 0
407; 0
397; 5
402; 0
400; 4
410; 0
404; 0
403; 5
412; 0
411; 3
408; 4
409; 10
414; 2
405; 23
416; 4
415; 16
413; 26
420; 0
417; 3
421; 0
418; 1
419; 0
422; 0
426; 0
424; 0
427; 0
425; 0
430; 0
423; 1
435; 5
428; 6
429; 4
433; 0
431; 12
432; 3
442; 0
441; 2
436; 0
439; 0
438; 6
434; 0
437; 15
440; 2
443; 1
446; 0
444; 5
445; 0
447; 0
449; 1
451; 7
455; 5
450; 6
453; 10
456; 3
454; 11
452; 8
459; 3
458; 0
467; 1
448; 31
469; 1
466; 16
465; 4
461; 4
460; 7
457; 27
464; 28
462; 33
470; 28
471; 11
463; 29
468; 36
472; 10
473; 7
478; 21
476; 17
474; 20
477; 15
481; 6
475; 30
480; 9
483; 0
479; 8
484; 4
486; 14
485; 0
482; 2
488; 2
490; 1
487; 9
489; 2
492; 2
497; 1
491; 1
494; 0
493; 0
496; 1
495; 6
503; 0
498; 1
501; 0
504; 6
499; 4
509; 6
515; 2
508; 33
512; 5
507; 48
520; 47
500; 76
514; 58
502; 98
517; 64
506; 79
526; 44
505; 79
511; 108
521; 86
535; 3
529; 14
513; 74
519; 92
533; 30
522; 41
518; 84
532; 27
510; 139
523; 103
527; 60
534; 27
516; 127
536; 13
539; 0
538; 0
540; 0
530; 36
537; 6
528; 59
531; 39
524; 92
547; 1
525; 86
544; 15
543; 8
548; 4
546; 1
542; 4
541; 0
552; 0
545; 3
549; 3
550; 0
554; 0
551; 8
561; 2
553; 4
560; 4
555; 0
556; 6
562; 3
558; 19
557; 1
565; 0
564; 0
559; 12
563; 0
566; 0
569; 0
567; 0
568; 0
571; 0
570; 0
576; 0
572; 1
580; 5
574; 4
573; 15
584; 5
578; 5
582; 8
583; 14
589; 15
575; 30
594; 17
588; 20
579; 42
581; 35
595; 27
585; 24
599; 5
591; 34
577; 63
590; 18
586; 46
602; 26
593; 37
587; 16
596; 20
597; 58
592; 54
598; 21
609; 0
601; 22
606; 6
603; 23
610; 19
614; 2
600; 56
611; 12
605; 50
604; 30
618; 13
607; 41
622; 8
617; 22
612; 47
613; 28
615; 20
630; 4
624; 3
620; 5
616; 15
608; 39
623; 4
633; 39
640; 1
634; 37
619; 75
631; 72
639; 25
629; 92
632; 88
637; 32
652; 13
621; 110
657; 10
635; 94
627; 115
646; 74
643; 40
644; 93
628; 127
641; 98
647; 95
664; 38
663; 28
648; 65
638; 142
655; 76
662; 62
625; 187
656; 90
650; 108
670; 39
674; 0
659; 90
636; 196
675; 16
679; 9
654; 151
660; 58
669; 35
681; 8
672; 56
626; 255
649; 159
651; 108
642; 181
665; 82
680; 33
673; 51
645; 198
677; 47
661; 134
666; 92
653; 144
684; 18
676; 31
658; 116
671; 89
667; 54
668; 75
683; 32
685; 15
682; 37
678; 35
686; 10
690; 25
687; 43
688; 16
691; 50
689; 16
692; 24
693; 26
696; 54
701; 3
700; 38
694; 22
698; 25
703; 0
699; 18
704; 9
695; 21
697; 41
705; 3
706; 1
702; 50
710; 38
716; 17
713; 38
711; 36
709; 57
725; 23
718; 20
712; 79
720; 42
715; 49
707; 73
714; 88
733; 6
732; 13
719; 57
708; 89
727; 27
721; 32
722; 64
728; 21
731; 7
717; 90
729; 12
724; 37
737; 1
740; 1
739; 4
730; 8
734; 1
723; 42
726; 46
738; 3
746; 4
736; 0
735; 0
745; 4
748; 1
742; 6
743; 8
747; 0
751; 0
741; 4
744; 3
755; 0
756; 0
749; 0
754; 0
750; 6
752; 1
759; 9
761; 2
758; 5
757; 0
763; 7
768; 9
764; 9
769; 2
753; 15
760; 4
762; 12
766; 0
765; 4
771; 0
770; 0
772; 2
773; 1
767; 6
774; 0
776; 0
775; 2
777; 0
779; 0
778; 0
780; 0
781; 0
787; 1
782; 18
791; 0
792; 30
783; 21
786; 40
788; 19
784; 29
789; 14
800; 18
801; 19
790; 65
802; 15
805; 8
809; 5
807; 16
785; 120
794; 90
796; 64
799; 70
815; 7
798; 96
808; 81
806; 76
795; 132
797; 121
793; 147
811; 46
813; 35
804; 105
810; 76
803; 98
822; 11
823; 1
817; 34
812; 92
821; 23
816; 71
818; 18
824; 0
819; 15
827; 0
814; 69
825; 4
829; 0
826; 3
820; 6
828; 0
831; 0
832; 0
833; 0
837; 0
834; 0
835; 10
830; 0
840; 0
838; 7
836; 10
844; 9
842; 0
846; 0
839; 1
845; 5
843; 1
847; 0
849; 0
841; 1
848; 0
850; 0
851; 0
854; 0
853; 0
855; 0
852; 0
856; 0
857; 0
859; 0
860; 0
858; 0
862; 0
865; 0
864; 0
863; 0
861; 0
868; 0
869; 0
870; 4
866; 3
867; 0
874; 0
871; 0
873; 0
872; 0
877; 0
879; 12
875; 6
880; 3
885; 13
876; 6
878; 0
882; 20
883; 4
888; 0
887; 4
881; 29
890; 4
889; 0
895; 0
891; 5
884; 9
892; 12
894; 14
886; 10
905; 4
893; 42
906; 16
902; 16
919; 0
914; 15
909; 41
898; 41
912; 51
897; 101
899; 73
928; 19
925; 16
903; 83
921; 61
907; 96
904; 135
908; 104
916; 98
918; 89
926; 55
938; 13
917; 129
911; 151
931; 50
900; 157
920; 133
915; 125
910; 123
896; 181
936; 51
929; 67
924; 95
934; 58
927; 91
939; 29
942; 28
922; 145
930; 85
944; 6
932; 101
940; 13
901; 249
937; 25
913; 170
923; 158
943; 13
935; 71
933; 67
941; 8
946; 15
945; 10
947; 6
950; 0
948; 0
956; 0
949; 1
955; 3
954; 4
953; 2
952; 1
961; 2
959; 6
951; 5
957; 11
966; 7
962; 11
973; 1
958; 25
960; 32
970; 11
964; 21
965; 13
968; 9
963; 14
976; 0
969; 41
978; 5
967; 41
971; 52
977; 6
975; 29
972; 20
974; 24
987; 7
982; 22
979; 14
988; 21
989; 31
981; 12
994; 16
993; 27
984; 60
980; 55
991; 29
1000; 3
983; 34
985; 20
995; 27
986; 41
998; 24
990; 58
996; 39
997; 34
992; 40
999; 15
1; 0
2; 0
3; 6
4; 3
12; 0
6; 14
11; 9
8; 1
5; 9
7; 2
9; 2
10; 12
13; 0
14; 0
17; 0
15; 0
18; 0
16; 0
20; 0
23; 4
19; 4
22; 4
27; 3
24; 5
30; 20
25; 17
28; 5
32; 10
21; 29
26; 14
34; 7
35; 8
37; 6
36; 9
31; 10
38; 13
29; 20
39; 15
40; 10
42; 0
45; 2
43; 5
33; 11
44; 0
41; 2
47; 0
46; 3
50; 2
52; 0
51; 1
48; 0
56; 4
55; 2
53; 0
60; 0
49; 2
54; 4
63; 0
57; 4
58; 1
68; 1
66; 5
65; 1
70; 0
59; 4
64; 21
62; 8
61; 29
74; 13
69; 34
67; 31
71; 33
82; 21
72; 36
76; 23
73; 73
80; 28
78; 57
77; 24
75; 49
79; 50
84; 37
81; 46
85; 15
87; 27
83; 50
86; 33
88; 24
97; 18
90; 25
92; 26
98; 15
91; 42
101; 24
100; 41
113; 3
89; 25
103; 19
94; 68
95; 28
106; 47
107; 37
115; 14
93; 40
114; 3
102; 40
105; 44
109; 34
96; 56
111; 34
112; 30
117; 6
110; 16
108; 30
99; 41
119; 0
104; 53
118; 6
120; 0
116; 14
121; 0
135; 10
122; 0
133; 6
126; 43
134; 5
132; 15
123; 57
124; 54
129; 20
138; 4
128; 47
136; 22
140; 8
125; 72
137; 6
145; 0
131; 39
143; 12
130; 40
127; 68
139; 19
146; 13
151; 2
142; 20
141; 10
150; 1
144; 5
147; 0
152; 0
148; 1
149; 0
154; 0
155; 0
153; 0
156; 4
165; 2
162; 7
161; 17
160; 17
158; 40
159; 40
157; 38
167; 43
163; 7
170; 18
166; 36
169; 38
168; 34
174; 7
175; 2
177; 4
173; 10
171; 28
172; 31
164; 68
180; 50
189; 46
184; 54
185; 78
188; 44
186; 102
211; 12
176; 96
198; 82
191; 76
201; 50
197; 24
210; 27
203; 38
187; 76
181; 122
183; 105
192; 122
195; 88
219; 24
196; 81
202; 106
205; 68
178; 153
220; 29
206; 85
209; 79
204; 100
182; 220
179; 172
213; 70
194; 143
193; 149
216; 51
199; 152
214; 66
225; 1
218; 58
207; 95
200; 113
217; 78
212; 114
226; 7
215; 93
190; 151
221; 19
222; 24
224; 12
227; 0
223; 14
231; 0
208; 154
228; 0
230; 0
229; 1
232; 0
237; 8
233; 0
238; 9
235; 0
234; 24
236; 29
239; 18
244; 16
246; 7
240; 30
247; 2
242; 5
248; 4
241; 7
243; 9
256; 4
251; 6
250; 14
254; 0
252; 9
253; 12
260; 6
245; 42
259; 9
249; 26
257; 14
258; 8
262; 1
263; 1
255; 5
264; 0
265; 0
261; 6
268; 0
266; 0
269; 0
267; 0
275; 8
279; 4
274; 22
270; 7
273; 12
272; 28
276; 9
277; 10
281; 8
283; 18
271; 35
280; 14
285; 19
282; 21
287; 8
278; 53
286; 20
284; 46
293; 21
288; 34
289; 28
291; 30
290; 13
295; 12
292; 20
302; 0
296; 20
294; 35
299; 7
297; 25
298; 7
301; 3
300; 10
304; 15
307; 15
305; 37
310; 26
309; 19
312; 16
303; 41
306; 32
317; 11
308; 60
311; 13
316; 24
314; 19
322; 13
319; 7
313; 43
318; 41
320; 14
315; 25
324; 0
325; 0
326; 1
323; 8
328; 0
321; 19
327; 30
333; 39
336; 55
349; 7
345; 34
352; 8
347; 37
329; 82
342; 39
351; 59
343; 70
361; 46
364; 33
363; 70
355; 61
339; 150
358; 77
360; 90
344; 133
354; 116
340; 133
350; 134
334; 160
356; 112
331; 175
332; 201
370; 86
359; 121
330; 232
377; 52
386; 4
338; 232
362; 187
365; 156
353; 174
341; 257
369; 142
383; 35
379; 48
346; 235
381; 110
372; 154
366; 205
368; 183
376; 155
388; 68
374; 129
378; 126
391; 56
385; 83
337; 355
357; 328
397; 72
367; 299
390; 72
371; 261
373; 236
382; 197
335; 488
412; 120
409; 133
416; 46
424; 34
410; 101
393; 186
408; 100
401; 167
400; 157
375; 304
399; 154
404; 165
402; 164
428; 58
392; 219
394; 202
389; 239
387; 266
348; 512
415; 111
396; 220
436; 41
438; 2
417; 130
430; 79
423; 126
411; 169
405; 229
419; 206
434; 86
398; 276
442; 21
429; 140
413; 251
427; 129
422; 159
446; 24
403; 271
420; 223
437; 74
443; 8
421; 181
406; 302
435; 130
440; 104
439; 86
449; 49
445; 68
454; 29
459; 16
432; 182
414; 332
461; 5
426; 208
407; 364
384; 445
395; 407
444; 99
418; 283
450; 41
441; 154
380; 504
431; 175
448; 74
447; 79
467; 18
456; 63
460; 25
425; 302
466; 38
451; 135
465; 64
464; 52
452; 123
463; 59
433; 280
458; 103
453; 129
468; 50
470; 29
472; 66
473; 41
471; 85
469; 55
476; 25
462; 137
475; 73
457; 150
477; 25
478; 28
455; 186
487; 18
491; 20
474; 133
480; 106
481; 74
498; 41
500; 35
484; 77
482; 67
495; 29
502; 26
488; 82
506; 38
479; 139
489; 81
494; 65
501; 42
508; 9
483; 157
504; 64
485; 140
509; 51
510; 73
490; 136
516; 9
497; 135
519; 42
496; 162
499; 115
517; 49
492; 160
505; 97
515; 64
511; 93
530; 18
486; 197
526; 10
525; 10
513; 115
518; 82
523; 57
514; 91
524; 57
503; 218
522; 93
512; 92
529; 32
521; 63
493; 234
533; 27
527; 37
507; 172
520; 115
534; 33
535; 20
528; 71
536; 13
532; 35
531; 43
540; 2
537; 1
539; 0
538; 2
542; 0
545; 0
541; 0
546; 0
544; 0
548; 0
551; 2
558; 6
543; 11
561; 4
550; 36
552; 18
562; 15
560; 30
559; 26
549; 36
557; 20
547; 34
564; 2
553; 10
563; 3
554; 57
555; 87
567; 9
556; 54
569; 22
570; 1
568; 28
565; 24
573; 20
582; 13
585; 3
578; 18
577; 11
566; 46
579; 35
576; 32
572; 45
580; 26
574; 44
571; 50
581; 47
587; 46
602; 1
575; 61
600; 36
603; 43
599; 25
597; 55
606; 47
591; 73
594; 74
617; 34
611; 57
621; 12
601; 134
590; 131
583; 205
613; 86
605; 117
631; 56
608; 105
635; 44
592; 151
604; 118
596; 191
598; 148
620; 101
629; 89
641; 6
614; 132
628; 91
616; 123
645; 18
622; 127
634; 110
618; 151
646; 9
615; 169
607; 199
652; 29
625; 158
632; 180
623; 214
638; 118
612; 265
586; 339
637; 137
610; 270
624; 219
588; 375
656; 42
643; 125
584; 386
619; 247
644; 142
636; 182
593; 391
589; 379
647; 122
626; 246
671; 6
665; 43
668; 17
662; 44
633; 218
653; 135
654; 108
609; 361
639; 213
657; 103
642; 240
640; 241
595; 409
627; 358
648; 191
664; 100
663; 134
650; 199
683; 7
676; 17
660; 136
658; 105
669; 98
673; 57
670; 65
681; 33
675; 36
674; 64
666; 115
687; 10
688; 8
678; 53
651; 233
661; 189
630; 417
679; 31
667; 132
659; 156
682; 28
684; 16
677; 60
649; 236
672; 88
693; 15
691; 7
686; 31
685; 60
694; 0
689; 3
680; 63
655; 243
692; 8
690; 6
695; 3
698; 2
697; 5
700; 8
705; 8
704; 15
696; 12
702; 8
713; 3
701; 28
710; 15
699; 15
717; 19
709; 42
703; 47
707; 63
708; 63
731; 25
711; 89
715; 53
719; 81
726; 63
725; 45
734; 18
716; 83
721; 91
706; 111
737; 7
712; 94
736; 18
718; 88
722; 69
732; 53
720; 87
733; 64
728; 91
714; 118
735; 37
729; 77
742; 18
723; 159
739; 61
738; 77
747; 16
743; 28
751; 24
741; 64
744; 56
730; 147
727; 172
740; 94
724; 175
749; 55
757; 75
755; 53
753; 84
766; 31
750; 82
745; 88
758; 45
768; 45
752; 100
754; 137
761; 74
760; 83
759; 101
772; 67
779; 15
773; 19
775; 19
771; 52
764; 49
769; 62
748; 126
756; 129
770; 56
767; 106
774; 66
778; 37
765; 86
762; 116
746; 191
781; 22
763; 109
780; 30
784; 8
782; 5
776; 63
789; 0
783; 18
788; 0
785; 23
791; 0
777; 52
787; 2
786; 6
792; 4
799; 11
790; 8
811; 8
800; 28
796; 24
803; 58
801; 55
808; 25
794; 77
802; 60
821; 2
819; 13
809; 72
804; 78
807; 73
815; 65
797; 117
822; 34
817; 78
813; 66
793; 125
825; 22
798; 143
835; 4
812; 160
823; 73
816; 106
827; 44
830; 75
795; 179
820; 118
814; 180
836; 36
834; 48
826; 77
818; 157
838; 50
806; 223
805; 223
843; 25
832; 101
829; 62
845; 18
810; 167
842; 30
841; 61
850; 12
840; 62
839; 45
844; 31
824; 136
831; 106
846; 8
837; 59
852; 0
849; 1
847; 25
828; 91
833; 95
848; 6
854; 0
851; 6
853; 1
859; 0
855; 0
860; 0
856; 2
857; 0
858; 5
862; 0
865; 0
861; 0
864; 0
863; 5
868; 0
866; 9
876; 10
873; 8
871; 11
874; 5
870; 6
869; 5
867; 15
872; 8
877; 5
878; 0
881; 0
875; 10
879; 0
885; 1
880; 1
884; 13
883; 20
889; 7
882; 18
886; 4
894; 15
891; 28
887; 14
895; 6
888; 15
896; 15
892; 5
899; 9
890; 22
904; 2
898; 15
893; 12
897; 15
908; 8
906; 12
900; 10
903; 10
902; 10
909; 9
913; 5
905; 19
915; 7
907; 25
901; 32
910; 6
914; 8
918; 7
917; 15
919; 4
920; 0
912; 20
911; 9
916; 26
922; 6
924; 0
931; 1
923; 12
925; 4
936; 1
934; 0
935; 4
929; 11
921; 12
928; 31
930; 10
939; 11
927; 25
938; 8
932; 33
933; 32
937; 21
926; 38
941; 6
940; 9
942; 19
945; 25
944; 11
948; 3
947; 20
943; 21
946; 14
949; 13
950; 17
952; 7
953; 0
955; 0
954; 1
956; 0
960; 4
951; 5
959; 0
958; 0
961; 0
957; 0
962; 0
966; 0
965; 4
963; 0
968; 0
969; 0
964; 9
973; 14
974; 0
970; 3
967; 21
977; 0
975; 2
972; 5
971; 14
976; 7
983; 3
979; 5
978; 1
982; 0
981; 5
980; 0
990; 7
984; 7
989; 5
991; 8
986; 1
994; 0
988; 15
985; 8
995; 0
997; 18
987; 29
992; 31
1000; 9
996; 0
993; 13
998; 6
999; 17
1; 0
3; 0
2; 0
4; 0
10; 0
5; 0
6; 1
7; 1
8; 0
9; 0
12; 3
11; 0
14; 0
17; 0
16; 0
13; 0
18; 1
15; 0
19; 0
22; 3
24; 21
27; 2
20; 16
25; 12
21; 6
23; 0
26; 9
29; 10
35; 19
33; 0
32; 15
28; 36
31; 55
42; 12
30; 44
40; 24
41; 16
37; 44
34; 35
39; 24
36; 63
45; 0
38; 30
46; 3
43; 4
44; 0
50; 6
47; 6
51; 6
49; 0
48; 17
53; 18
56; 7
52; 6
62; 6
61; 13
55; 9
54; 11
65; 8
68; 4
60; 12
63; 9
71; 0
57; 28
64; 21
73; 0
70; 25
58; 39
67; 40
76; 15
59; 43
74; 4
69; 15
66; 30
72; 24
84; 18
77; 25
75; 31
81; 27
82; 34
86; 58
88; 24
78; 69
89; 50
79; 61
92; 29
87; 54
83; 86
93; 30
96; 21
98; 23
91; 54
103; 3
94; 60
95; 32
99; 19
90; 85
97; 43
80; 129
100; 29
85; 95
101; 23
102; 15
104; 8
110; 0
105; 0
107; 0
106; 0
112; 0
108; 1
109; 1
111; 0
114; 0
118; 0
113; 0
117; 9
125; 8
121; 8
115; 23
128; 5
120; 5
116; 2
123; 34
119; 34
143; 5
127; 40
131; 21
135; 12
124; 38
132; 29
126; 57
133; 25
142; 9
140; 51
122; 55
134; 24
129; 70
137; 78
136; 58
145; 8
152; 18
149; 23
155; 8
138; 114
150; 58
151; 33
153; 40
147; 55
141; 74
163; 5
130; 96
169; 3
157; 57
166; 22
148; 65
160; 54
156; 81
139; 191
154; 84
161; 46
165; 73
158; 117
159; 134
177; 69
182; 23
178; 77
164; 108
188; 28
181; 50
187; 36
170; 137
168; 152
172; 136
174; 107
171; 105
162; 150
146; 297
144; 309
167; 205
192; 59
189; 62
184; 98
198; 46
186; 122
211; 21
185; 146
191; 73
201; 73
195; 54
180; 185
175; 232
173; 238
194; 140
212; 55
199; 104
183; 193
200; 67
196; 151
210; 71
176; 251
206; 102
213; 41
209; 74
203; 110
190; 212
204; 120
205; 132
179; 321
215; 60
214; 42
218; 59
207; 150
197; 151
208; 112
193; 184
217; 63
202; 163
216; 73
225; 28
219; 19
221; 41
227; 14
220; 20
240; 6
230; 24
224; 76
245; 10
232; 39
243; 21
248; 11
238; 46
229; 49
236; 57
237; 38
239; 60
222; 134
231; 71
233; 93
244; 66
235; 101
247; 59
223; 184
234; 126
254; 50
226; 145
228; 165
263; 17
253; 57
267; 10
261; 27
251; 98
256; 37
255; 71
260; 46
252; 59
241; 150
249; 97
265; 26
250; 71
246; 117
242; 136
257; 63
270; 16
271; 27
262; 39
259; 81
282; 7
269; 55
258; 108
275; 10
273; 35
284; 24
268; 56
266; 46
264; 70
283; 23
272; 62
281; 27
280; 59
279; 35
274; 67
289; 6
277; 37
290; 8
276; 89
295; 3
288; 41
285; 44
287; 35
278; 54
294; 19
299; 3
296; 21
301; 2
300; 32
286; 69
291; 43
298; 10
309; 2
297; 29
293; 34
303; 32
304; 32
292; 67
312; 17
302; 13
306; 25
311; 15
310; 24
307; 17
308; 24
313; 19
316; 5
305; 32
315; 9
317; 8
322; 6
319; 7
320; 12
325; 1
326; 15
327; 16
318; 16
314; 33
323; 19
333; 13
324; 13
331; 22
321; 33
329; 9
335; 1
336; 15
339; 1
328; 6
330; 7
337; 4
334; 9
345; 29
342; 19
346; 1
338; 26
340; 19
332; 54
344; 4
350; 17
352; 12
358; 11
347; 61
349; 53
360; 11
354; 17
353; 24
341; 66
348; 52
343; 52
355; 38
351; 53
366; 33
361; 28
359; 60
363; 39
368; 15
357; 76
362; 35
356; 67
372; 10
369; 29
365; 23
373; 3
367; 33
374; 0
377; 5
371; 33
364; 70
370; 18
380; 7
376; 6
375; 11
379; 17
382; 2
383; 0
384; 3
378; 31
381; 1
386; 3
385; 8
388; 0
395; 0
390; 6
391; 0
392; 3
394; 0
389; 0
398; 2
387; 6
396; 5
400; 4
393; 12
402; 1
397; 10
399; 1
401; 12
403; 0
407; 0
413; 5
406; 0
409; 1
411; 1
417; 0
410; 10
405; 15
412; 7
408; 7
420; 2
428; 5
404; 41
416; 39
415; 36
414; 46
427; 29
425; 63
422; 89
426; 52
431; 40
419; 80
421; 88
433; 47
444; 15
437; 32
424; 73
446; 13
432; 64
434; 31
436; 63
429; 97
430; 73
440; 44
435; 45
448; 4
418; 89
438; 40
439; 11
443; 26
441; 62
423; 119
449; 7
447; 9
445; 26
442; 58
450; 32
454; 17
455; 19
451; 8
452; 0
456; 34
459; 29
458; 43
453; 49
457; 42
460; 9
464; 2
462; 19
468; 1
466; 18
465; 29
463; 17
470; 11
461; 29
473; 10
467; 26
471; 19
469; 24
478; 9
472; 27
479; 14
475; 31
480; 33
477; 7
483; 0
474; 22
481; 11
487; 1
482; 3
485; 1
489; 3
490; 20
486; 11
476; 50
493; 33
508; 14
496; 25
488; 50
484; 59
514; 10
495; 61
499; 19
516; 9
503; 32
505; 66
518; 7
491; 100
507; 47
517; 16
498; 98
504; 79
492; 138
511; 98
506; 105
497; 105
501; 120
512; 82
500; 161
524; 25
521; 56
494; 128
526; 45
519; 89
515; 80
523; 46
509; 151
522; 92
525; 63
530; 26
531; 54
527; 102
502; 193
520; 99
541; 13
543; 11
510; 166
538; 55
533; 59
532; 36
529; 78
539; 36
535; 58
540; 31
513; 153
548; 26
534; 96
528; 119
544; 88
554; 23
556; 13
550; 35
546; 86
545; 119
551; 78
552; 103
536; 174
582; 2
549; 105
547; 119
558; 122
569; 76
577; 54
590; 14
557; 139
567; 86
565; 111
564; 91
537; 268
559; 138
572; 139
553; 213
571; 98
563; 199
555; 178
560; 217
542; 298
586; 114
583; 130
566; 167
589; 72
578; 178
585; 121
596; 55
584; 108
588; 134
575; 182
580; 153
599; 54
561; 221
576; 189
568; 222
597; 62
574; 186
573; 178
595; 85
579; 208
562; 247
581; 221
592; 136
601; 48
587; 154
605; 11
598; 79
593; 138
609; 22
600; 132
602; 69
591; 225
610; 33
570; 305
616; 30
604; 85
612; 38
594; 185
622; 7
608; 55
611; 52
621; 16
617; 43
619; 35
618; 21
606; 84
614; 58
603; 93
615; 74
607; 63
625; 32
620; 35
629; 4
628; 18
623; 18
632; 3
613; 82
624; 33
626; 6
635; 0
631; 0
634; 2
636; 2
642; 9
646; 3
633; 55
639; 34
630; 61
627; 76
644; 36
641; 54
638; 44
649; 25
637; 63
645; 46
647; 29
658; 7
651; 20
659; 13
664; 5
661; 7
656; 24
653; 25
648; 49
655; 22
650; 69
654; 24
669; 8
660; 22
640; 123
643; 110
666; 21
665; 9
667; 22
652; 47
657; 36
672; 10
670; 15
663; 27
677; 15
668; 20
662; 24
671; 10
674; 18
675; 34
676; 41
673; 29
681; 2
684; 1
683; 13
680; 10
679; 10
685; 21
686; 23
678; 50
687; 20
688; 18
695; 4
682; 37
689; 9
690; 15
696; 4
694; 21
697; 6
691; 7
692; 13
693; 15
698; 7
702; 12
704; 8
703; 0
706; 13
699; 10
705; 14
714; 2
707; 7
700; 16
708; 2
701; 11
712; 6
716; 10
710; 11
713; 0
715; 5
717; 6
709; 26
711; 6
718; 11
719; 2
720; 3
721; 0
722; 0
724; 0
723; 0
729; 0
725; 0
727; 1
726; 0
728; 0
730; 0
731; 1
735; 3
737; 0
733; 7
736; 6
732; 9
738; 5
742; 0
741; 0
744; 4
739; 0
740; 1
734; 3
746; 4
752; 0
745; 37
760; 45
750; 32
755; 63
758; 62
753; 54
759; 29
754; 36
747; 73
749; 81
743; 65
769; 1
748; 51
751; 58
761; 36
764; 45
765; 52
766; 15
770; 5
762; 60
767; 17
756; 41
757; 62
768; 5
772; 4
773; 2
778; 1
763; 40
774; 5
777; 3
775; 5
771; 1
781; 2
782; 0
780; 1
779; 0
787; 6
776; 13
783; 24
789; 15
793; 13
786; 23
785; 14
784; 13
792; 21
796; 16
791; 35
788; 23
790; 23
799; 0
795; 10
800; 0
797; 9
801; 0
798; 0
794; 13
804; 7
807; 5
806; 0
802; 12
803; 1
809; 0
805; 3
810; 0
811; 0
808; 9
813; 0
812; 3
814; 35
816; 1
822; 3
817; 10
818; 6
825; 0
820; 16
826; 0
823; 3
824; 2
815; 15
821; 7
819; 8
829; 3
827; 4
828; 1
833; 2
830; 1
834; 0
831; 0
836; 0
835; 8
840; 9
838; 42
832; 37
837; 44
841; 29
839; 57
850; 61
843; 27
861; 38
846; 50
848; 92
853; 42
852; 74
859; 78
851; 85
862; 49
858; 74
842; 159
844; 105
847; 100
864; 73
865; 53
856; 74
863; 64
867; 42
855; 93
872; 10
849; 139
854; 82
857; 91
873; 0
866; 31
868; 41
869; 16
874; 0
860; 66
845; 111
875; 0
871; 1
870; 6
876; 6
883; 0
879; 0
880; 5
877; 3
882; 6
884; 7
878; 7
889; 7
886; 14
881; 32
885; 18
891; 12
890; 30
887; 15
892; 10
893; 12
897; 1
895; 0
896; 2
894; 13
888; 25
903; 8
899; 9
906; 2
900; 1
901; 4
910; 4
898; 12
905; 9
902; 8
904; 10
912; 3
908; 10
914; 11
913; 5
916; 0
917; 1
907; 0
909; 8
915; 8
918; 0
911; 10
920; 0
921; 0
925; 0
919; 6
924; 2
922; 1
923; 3
928; 2
926; 1
933; 2
931; 5
929; 3
937; 5
938; 2
930; 5
934; 7
927; 3
932; 3
935; 0
939; 2
941; 0
944; 0
936; 5
940; 3
942; 3
946; 3
945; 12
949; 18
950; 28
947; 24
956; 11
955; 10
943; 52
952; 40
957; 10
948; 37
954; 36
958; 9
953; 23
960; 1
961; 13
959; 20
951; 66
964; 32
966; 19
971; 40
978; 7
963; 34
976; 25
968; 63
967; 51
986; 14
973; 61
970; 56
962; 64
988; 47
965; 96
993; 14
990; 58
972; 103
989; 38
987; 29
984; 62
981; 89
979; 135
994; 38
997; 14
998; 32
980; 120
996; 65
992; 124
974; 183
975; 204
991; 152
969; 243
985; 203
977; 224
999; 127
982; 251
995; 148
1000; 177
983; 325
1; 0
3; 0
2; 3
4; 0
8; 6
9; 1
5; 0
10; 6
7; 5
18; 13
11; 5
15; 36
13; 8
14; 14
12; 17
16; 27
6; 45
17; 8
22; 6
21; 7
28; 19
23; 2
33; 4
20; 34
19; 28
24; 24
30; 2
25; 2
27; 7
34; 0
31; 3
38; 0
26; 14
37; 0
29; 13
32; 5
39; 0
35; 0
42; 0
36; 0
40; 0
41; 3
48; 4
51; 4
43; 33
47; 9
46; 18
49; 0
44; 14
52; 13
50; 6
54; 0
45; 6
57; 0
60; 0
58; 0
61; 9
53; 10
55; 9
64; 0
56; 1
62; 6
59; 4
66; 0
68; 1
70; 0
72; 0
63; 2
74; 0
67; 4
77; 3
65; 4
69; 3
75; 12
81; 13
73; 29
71; 38
91; 10
76; 62
78; 36
82; 24
88; 25
86; 18
94; 6
85; 32
96; 11
80; 37
84; 37
79; 40
89; 34
93; 13
90; 16
92; 31
87; 19
97; 2
83; 64
95; 7
99; 15
108; 8
101; 23
100; 11
106; 22
103; 14
105; 21
123; 12
98; 54
120; 18
112; 42
111; 57
114; 49
110; 47
113; 47
124; 9
126; 32
115; 60
102; 108
121; 55
107; 96
127; 66
125; 40
134; 17
116; 123
119; 120
122; 74
109; 126
136; 5
118; 100
139; 4
128; 49
104; 171
132; 27
145; 3
143; 16
130; 44
135; 16
137; 42
117; 119
133; 44
138; 24
140; 7
129; 96
142; 22
131; 67
144; 21
152; 2
153; 4
147; 9
146; 23
148; 8
150; 8
141; 45
154; 0
151; 0
149; 3
155; 0
157; 4
158; 6
161; 32
165; 36
159; 32
160; 20
168; 11
169; 42
164; 12
156; 51
163; 29
176; 2
162; 16
177; 20
171; 22
170; 44
187; 10
175; 40
191; 3
185; 18
167; 67
186; 14
173; 46
182; 39
189; 32
184; 35
166; 116
192; 5
174; 63
180; 50
178; 63
183; 72
181; 75
172; 132
179; 83
194; 57
198; 72
201; 40
193; 62
188; 97
199; 30
190; 100
200; 36
211; 21
197; 54
195; 104
209; 15
203; 20
207; 29
205; 43
212; 3
196; 60
216; 4
210; 30
219; 5
215; 19
208; 62
227; 2
204; 73
202; 107
220; 9
225; 23
206; 68
214; 52
221; 47
218; 56
241; 4
237; 6
234; 44
213; 102
224; 83
239; 53
235; 61
236; 23
229; 52
243; 44
230; 77
226; 87
222; 92
244; 64
238; 70
228; 88
240; 59
223; 134
217; 146
232; 98
247; 78
245; 59
248; 83
253; 54
255; 23
231; 129
246; 83
251; 113
242; 94
254; 59
259; 64
271; 22
275; 10
269; 41
233; 187
250; 144
257; 93
266; 53
252; 150
256; 113
278; 70
277; 72
267; 61
260; 114
289; 23
280; 28
273; 58
264; 112
258; 160
263; 139
276; 62
282; 84
283; 100
285; 69
286; 61
265; 199
261; 171
262; 161
288; 102
293; 66
249; 285
279; 135
284; 107
268; 176
281; 126
287; 98
296; 26
294; 49
272; 132
298; 29
304; 2
274; 162
305; 7
292; 98
290; 127
295; 68
270; 218
311; 8
299; 63
297; 30
302; 28
310; 20
301; 8
308; 11
303; 23
291; 67
316; 3
317; 2
300; 29
307; 11
309; 9
313; 9
315; 21
323; 27
326; 26
319; 20
325; 52
306; 59
322; 41
330; 26
314; 43
327; 20
312; 58
328; 17
318; 37
329; 5
321; 23
324; 60
333; 1
320; 58
337; 10
335; 22
348; 23
341; 35
338; 28
342; 8
331; 34
344; 42
352; 8
349; 23
336; 81
353; 47
343; 59
350; 63
354; 19
334; 73
332; 93
345; 52
346; 28
351; 68
339; 76
357; 18
356; 20
359; 9
358; 15
340; 60
355; 25
362; 0
361; 4
363; 0
347; 55
360; 1
365; 0
366; 3
370; 0
372; 0
364; 1
367; 0
369; 2
375; 0
374; 3
368; 3
371; 1
376; 0
373; 0
377; 1
380; 0
381; 0
378; 2
383; 3
379; 7
382; 2
385; 1
387; 5
391; 3
389; 15
390; 4
384; 10
386; 27
402; 2
392; 37
388; 34
401; 13
394; 49
400; 28
398; 21
405; 12
404; 5
397; 22
406; 0
399; 19
396; 45
395; 28
409; 0
407; 25
393; 60
403; 47
411; 22
414; 2
413; 8
412; 2
408; 6
418; 0
410; 10
415; 0
416; 4
422; 1
421; 2
417; 1
420; 1
425; 3
423; 0
419; 3
424; 17
430; 0
427; 17
442; 7
441; 11
428; 18
435; 17
426; 42
429; 45
431; 41
434; 28
437; 21
439; 37
432; 31
438; 36
433; 36
443; 25
445; 16
447; 2
440; 6
446; 3
436; 18
450; 0
444; 23
448; 0
451; 0
449; 7
455; 1
452; 1
456; 5
458; 0
457; 0
453; 1
461; 4
454; 1
459; 2
464; 1
460; 3
462; 7
468; 10
463; 5
477; 9
469; 23
470; 27
480; 3
479; 6
467; 13
471; 19
465; 15
478; 22
472; 9
473; 38
466; 48
474; 30
476; 49
482; 40
481; 65
485; 31
483; 47
492; 33
475; 112
486; 58
489; 49
490; 58
488; 57
497; 15
502; 5
494; 6
503; 0
487; 41
491; 41
484; 113
501; 16
498; 27
499; 3
506; 2
504; 18
495; 66
493; 75
508; 11
511; 7
513; 0
512; 4
505; 11
496; 21
509; 10
500; 16
510; 9
507; 10
514; 0
516; 2
519; 0
515; 6
522; 6
520; 0
524; 16
517; 40
523; 30
518; 28
526; 24
531; 24
528; 25
527; 39
538; 1
536; 3
521; 35
537; 3
529; 17
535; 4
525; 23
540; 0
532; 31
534; 30
530; 30
539; 10
541; 17
533; 31
552; 2
548; 18
546; 38
555; 17
542; 38
543; 73
544; 64
549; 43
556; 29
570; 18
547; 84
550; 92
566; 34
553; 100
577; 38
568; 74
575; 27
551; 103
558; 107
559; 98
560; 55
565; 79
573; 75
572; 94
563; 68
571; 47
561; 118
567; 79
554; 156
564; 111
584; 17
562; 99
580; 44
582; 9
585; 28
569; 89
557; 140
545; 177
576; 119
578; 90
594; 41
589; 53
583; 97
587; 102
597; 37
586; 64
588; 128
603; 64
574; 181
595; 82
606; 39
592; 110
590; 97
593; 98
599; 107
591; 80
612; 11
600; 108
604; 76
608; 58
598; 117
614; 22
579; 191
619; 17
618; 20
610; 73
616; 25
596; 146
601; 137
615; 32
613; 96
607; 131
602; 146
581; 247
626; 3
611; 57
622; 61
625; 16
623; 60
609; 144
630; 35
617; 119
621; 61
620; 100
605; 169
632; 47
624; 101
635; 32
638; 7
637; 19
629; 68
636; 29
631; 53
642; 9
627; 52
639; 18
628; 94
641; 7
643; 2
634; 28
644; 2
640; 33
646; 3
645; 13
647; 1
651; 30
633; 75
654; 9
653; 27
649; 41
652; 70
664; 14
650; 59
665; 13
661; 44
648; 76
658; 27
655; 42
657; 64
670; 6
662; 36
660; 41
659; 74
663; 45
674; 10
675; 11
668; 20
656; 47
679; 1
667; 20
671; 12
669; 46
678; 1
684; 2
666; 57
672; 35
681; 1
680; 1
682; 10
677; 10
691; 14
687; 19
676; 64
692; 11
698; 15
685; 30
683; 70
686; 55
689; 31
697; 35
673; 126
701; 42
700; 51
695; 70
688; 87
707; 13
690; 116
706; 36
704; 46
696; 76
709; 14
702; 64
699; 73
703; 84
710; 12
717; 23
722; 7
725; 9
694; 146
712; 54
715; 56
735; 14
737; 3
705; 123
723; 36
721; 68
719; 97
713; 93
743; 4
718; 100
752; 1
716; 143
759; 3
730; 148
746; 57
720; 157
753; 29
734; 124
748; 61
708; 215
761; 47
727; 171
758; 63
745; 118
756; 113
767; 35
693; 393
711; 300
739; 174
768; 55
766; 121
777; 56
742; 196
770; 99
763; 143
714; 379
741; 223
751; 242
776; 89
728; 391
784; 90
732; 380
787; 57
760; 248
785; 90
810; 18
778; 192
744; 334
733; 377
806; 69
754; 335
729; 462
750; 358
769; 315
817; 59
780; 167
812; 78
783; 158
755; 342
802; 153
740; 451
764; 323
747; 420
792; 156
807; 104
823; 18
819; 78
791; 161
797; 159
726; 563
813; 89
749; 433
789; 204
800; 179
822; 45
833; 3
788; 215
843; 1
827; 66
815; 186
738; 558
724; 620
814; 214
836; 109
801; 292
844; 22
799; 261
772; 439
790; 306
762; 484
773; 472
793; 351
782; 410
830; 160
803; 347
796; 382
774; 503
771; 484
731; 730
781; 442
804; 341
779; 496
853; 102
838; 157
824; 197
856; 68
840; 195
808; 350
828; 268
862; 73
795; 467
825; 310
871; 3
775; 581
835; 232
809; 447
846; 199
841; 235
868; 56
847; 177
798; 485
816; 383
845; 231
863; 132
736; 857
837; 298
834; 319
848; 194
859; 118
794; 492
832; 317
757; 751
811; 486
875; 54
765; 754
831; 347
818; 461
854; 196
805; 501
855; 206
849; 291
870; 68
883; 9
872; 94
864; 160
786; 575
857; 196
839; 331
852; 280
874; 80
884; 26
842; 385
888; 35
867; 162
878; 74
869; 139
860; 222
820; 489
861; 212
850; 353
821; 451
858; 243
876; 132
851; 349
829; 486
887; 85
880; 148
906; 3
889; 62
873; 193
890; 117
881; 153
885; 166
879; 207
895; 76
904; 67
892; 123
900; 86
908; 42
914; 17
894; 100
902; 80
905; 90
911; 50
918; 49
891; 153
898; 108
877; 251
882; 231
886; 222
909; 70
896; 161
915; 30
910; 89
928; 30
917; 73
866; 425
912; 86
919; 91
929; 35
893; 210
907; 106
899; 200
913; 111
865; 417
927; 64
903; 202
933; 50
916; 149
930; 80
924; 93
939; 10
826; 699
897; 231
901; 237
935; 40
934; 51
937; 50
921; 148
945; 25
923; 151
925; 167
936; 91
926; 117
941; 49
944; 53
920; 134
938; 72
932; 111
931; 126
949; 14
943; 51
946; 38
922; 191
951; 43
956; 29
940; 122
942; 101
953; 29
950; 83
952; 56
958; 11
948; 73
962; 23
959; 36
960; 60
947; 119
971; 3
954; 100
957; 112
967; 71
965; 40
983; 11
970; 73
964; 83
961; 132
991; 22
972; 88
969; 92
979; 61
955; 181
973; 94
977; 91
990; 61
974; 135
981; 78
984; 89
996; 44
975; 121
966; 148
988; 109
976; 86
999; 29
1000; 20
963; 203
994; 51
987; 91
978; 148
993; 102
986; 113
985; 113
980; 163
995; 121
968; 235
998; 65
997; 80
982; 167
992; 113
989; 155
4; 0
3; 3
6; 0
5; 0
1; 1
7; 0
11; 0
2; 4
9; 2
12; 0
16; 1
8; 19
19; 3
22; 9
17; 16
14; 12
10; 30
31; 6
29; 8
15; 16
21; 28
32; 6
24; 20
20; 8
18; 15
26; 4
28; 27
23; 42
13; 28
27; 28
33; 0
36; 18
30; 16
35; 3
40; 7
41; 14
49; 2
37; 12
48; 7
34; 70
46; 19
25; 79
43; 34
52; 23
44; 30
38; 50
47; 8
39; 15
53; 2
45; 16
50; 26
42; 33
55; 7
51; 25
56; 9
59; 5
54; 30
58; 12
60; 18
69; 19
63; 22
67; 23
64; 11
65; 19
71; 0
66; 4
61; 28
70; 3
62; 30
57; 54
68; 0
74; 0
72; 0
78; 8
87; 7
76; 14
81; 14
73; 25
85; 12
77; 74
91; 56
86; 36
89; 39
94; 11
79; 114
84; 86
75; 107
88; 61
80; 104
83; 118
98; 22
97; 26
95; 30
96; 30
101; 8
93; 55
92; 76
82; 120
102; 0
90; 83
99; 4
100; 11
106; 0
103; 0
105; 0
107; 0
104; 1
108; 4
115; 6
109; 17
114; 8
113; 0
110; 3
112; 9
116; 5
111; 9
123; 5
117; 20
126; 2
120; 21
122; 57
129; 17
119; 34
118; 48
132; 1
127; 27
128; 13
121; 74
124; 33
131; 7
130; 12
125; 10
135; 0
139; 0
134; 4
136; 0
133; 3
140; 7
138; 7
145; 0
143; 4
142; 6
137; 3
147; 0
141; 0
144; 0
146; 0
149; 4
155; 11
152; 0
153; 22
148; 21
150; 32
164; 6
157; 29
159; 28
158; 39
156; 58
154; 84
169; 41
160; 32
170; 29
177; 7
172; 38
163; 77
166; 50
161; 118
171; 71
181; 23
175; 54
151; 114
178; 40
189; 16
179; 35
167; 115
180; 44
184; 59
168; 101
173; 98
165; 97
162; 112
190; 19
194; 2
182; 37
176; 65
187; 38
188; 38
174; 100
186; 35
183; 62
185; 23
195; 2
191; 7
196; 3
193; 10
192; 22
198; 1
201; 0
197; 3
199; 0
202; 0
200; 1
203; 13
204; 2
205; 0
206; 2
207; 9
208; 10
209; 2
211; 2
213; 0
220; 0
214; 5
210; 4
221; 5
212; 12
216; 13
215; 13
217; 13
229; 20
226; 15
219; 32
222; 40
228; 20
232; 0
218; 30
223; 26
224; 35
237; 2
227; 31
230; 24
231; 58
235; 4
234; 35
225; 47
238; 2
236; 4
241; 0
244; 0
243; 0
233; 36
246; 7
242; 6
240; 5
252; 5
253; 32
248; 30
239; 54
251; 14
247; 26
256; 25
249; 32
250; 23
254; 49
245; 62
257; 16
259; 9
255; 19
258; 6
262; 0
263; 7
260; 22
267; 18
264; 2
273; 13
272; 14
268; 22
269; 30
266; 4
261; 34
276; 1
275; 5
270; 11
265; 14
274; 7
271; 25
278; 0
283; 0
277; 2
284; 2
289; 10
287; 22
290; 14
280; 17
282; 22
286; 16
281; 27
279; 30
292; 16
285; 17
297; 2
288; 30
296; 5
291; 45
298; 13
295; 21
293; 23
301; 3
294; 16
302; 0
303; 2
300; 4
299; 3
307; 0
306; 18
310; 19
314; 16
305; 11
309; 27
304; 22
308; 21
311; 7
312; 19
313; 20
316; 11
322; 0
321; 9
319; 7
320; 23
318; 47
323; 10
315; 25
327; 8
317; 37
324; 14
329; 2
326; 11
335; 21
328; 35
331; 4
334; 13
332; 19
337; 19
343; 4
330; 41
340; 10
325; 66
333; 28
342; 11
336; 54
346; 1
344; 29
339; 49
338; 38
347; 41
353; 14
341; 57
345; 43
356; 30
349; 45
355; 57
352; 33
351; 57
365; 6
359; 24
360; 44
367; 33
354; 57
350; 89
362; 58
357; 56
348; 81
366; 12
361; 42
358; 34
369; 7
363; 49
364; 32
368; 15
371; 3
376; 0
370; 4
375; 0
373; 0
372; 5
383; 3
374; 2
379; 1
380; 8
389; 16
388; 20
386; 16
382; 4
385; 7
377; 48
395; 18
393; 14
384; 40
401; 7
391; 29
402; 1
396; 10
397; 27
392; 26
381; 64
378; 51
398; 30
394; 36
387; 62
390; 38
400; 19
399; 20
407; 0
403; 1
410; 2
409; 9
406; 15
404; 12
413; 6
405; 20
408; 2
414; 2
411; 13
412; 2
419; 6
415; 10
421; 3
416; 8
418; 13
417; 17
422; 6
420; 3
425; 1
424; 0
426; 1
429; 1
431; 0
423; 3
427; 0
432; 0
428; 0
436; 0
430; 5
439; 9
433; 10
438; 2
435; 4
437; 1
442; 4
441; 7
443; 10
447; 23
445; 42
446; 54
444; 33
449; 34
453; 31
452; 22
440; 66
457; 9
458; 32
434; 92
450; 47
448; 46
455; 31
463; 2
456; 30
454; 53
461; 38
471; 20
462; 30
478; 17
480; 20
467; 42
485; 3
459; 76
468; 53
460; 101
465; 71
469; 38
451; 126
470; 68
477; 25
476; 73
474; 54
472; 81
475; 106
466; 74
487; 7
483; 62
464; 118
491; 19
482; 60
481; 65
484; 38
489; 10
495; 14
473; 109
488; 40
498; 11
492; 18
479; 99
503; 6
509; 3
494; 26
506; 26
507; 16
486; 90
510; 36
497; 55
513; 3
500; 72
504; 40
490; 120
493; 83
521; 16
505; 53
508; 26
496; 82
502; 56
501; 88
512; 36
514; 42
518; 27
511; 77
499; 95
515; 15
516; 30
527; 7
520; 20
517; 28
528; 4
533; 5
530; 6
523; 31
526; 13
519; 41
525; 40
524; 31
534; 12
532; 22
522; 74
529; 16
535; 2
537; 18
544; 4
541; 9
536; 11
531; 43
540; 19
543; 4
539; 10
538; 4
542; 2
545; 2
546; 0
548; 0
547; 2
551; 4
555; 5
549; 1
550; 3
554; 13
552; 18
558; 3
557; 4
553; 12
556; 15
559; 17
563; 2
564; 0
562; 5
565; 3
561; 0
566; 0
560; 6
567; 0
571; 0
569; 8
576; 4
568; 4
577; 3
570; 8
574; 2
572; 0
573; 0
575; 21
579; 17
585; 5
589; 8
583; 0
584; 15
581; 7
580; 12
587; 18
586; 2
582; 15
591; 3
594; 2
578; 33
590; 7
596; 4
592; 4
593; 2
595; 2
600; 0
588; 10
598; 0
601; 1
597; 0
603; 0
599; 1
609; 2
606; 6
613; 2
602; 12
605; 1
612; 14
604; 11
608; 14
607; 11
611; 3
615; 2
610; 18
614; 14
618; 5
616; 7
621; 0
617; 9
619; 1
624; 0
626; 15
622; 23
623; 16
629; 21
620; 47
625; 12
627; 13
630; 29
632; 27
631; 49
638; 32
633; 38
637; 14
628; 35
635; 17
642; 0
640; 11
634; 39
639; 25
636; 39
645; 18
641; 5
644; 0
647; 8
648; 1
643; 11
650; 0
646; 8
652; 0
651; 0
654; 2
649; 2
655; 1
653; 1
657; 9
656; 18
664; 8
666; 12
662; 18
678; 19
658; 73
671; 72
677; 37
667; 63
669; 77
687; 31
673; 64
660; 134
691; 29
676; 62
672; 76
674; 98
679; 114
659; 126
665; 120
685; 42
689; 34
684; 68
697; 1
680; 94
663; 137
692; 53
698; 11
688; 70
661; 189
681; 115
668; 156
682; 110
675; 144
693; 63
710; 2
715; 5
699; 48
703; 35
716; 9
696; 22
686; 167
702; 42
707; 27
714; 39
670; 248
706; 55
695; 79
700; 85
711; 17
690; 155
722; 12
705; 91
713; 67
720; 48
708; 56
683; 250
694; 129
701; 119
726; 39
719; 42
704; 87
723; 39
728; 4
718; 39
717; 46
721; 67
727; 33
732; 10
709; 119
729; 14
724; 33
730; 12
712; 104
725; 38
731; 13
737; 3
734; 13
735; 4
733; 16
740; 0
736; 0
738; 2
745; 1
747; 2
743; 0
742; 0
739; 9
741; 3
748; 0
749; 0
754; 7
744; 5
761; 15
757; 7
746; 15
756; 30
763; 31
750; 45
752; 63
781; 3
769; 34
764; 62
753; 110
760; 61
768; 103
775; 30
762; 105
765; 118
785; 40
779; 91
790; 25
759; 139
786; 55
792; 59
772; 128
774; 124
783; 78
751; 224
771; 120
788; 65
777; 93
778; 95
758; 163
767; 151
794; 65
787; 80
770; 128
766; 185
797; 52
784; 96
800; 22
803; 14
780; 99
782; 121
804; 9
791; 130
798; 57
793; 85
796; 99
755; 209
795; 69
789; 134
776; 175
805; 32
808; 22
811; 16
773; 199
799; 60
807; 13
802; 78
806; 75
817; 28
822; 43
829; 22
831; 5
823; 76
814; 128
812; 119
827; 76
801; 161
820; 83
815; 112
809; 146
825; 86
821; 96
813; 135
824; 105
810; 134
839; 51
816; 148
832; 67
837; 53
841; 44
819; 159
826; 107
833; 56
843; 9
834; 73
844; 19
818; 165
828; 112
836; 69
842; 79
840; 65
830; 111
851; 1
852; 19
855; 10
838; 94
850; 46
845; 93
846; 48
853; 12
860; 4
848; 45
856; 38
847; 89
859; 33
849; 42
854; 61
863; 7
858; 37
835; 161
857; 21
864; 1
862; 1
865; 1
861; 17
866; 15
870; 23
867; 28
871; 40
869; 29
885; 12
872; 54
883; 19
868; 49
877; 14
873; 41
875; 61
878; 42
882; 16
891; 3
876; 42
881; 21
888; 0
886; 11
889; 1
892; 0
887; 2
879; 39
880; 22
874; 86
884; 13
890; 3
893; 0
896; 0
894; 0
895; 1
898; 1
900; 0
904; 10
901; 5
906; 8
899; 34
909; 41
908; 53
912; 41
897; 47
907; 31
917; 19
915; 53
914; 23
911; 44
902; 46
922; 16
916; 31
919; 4
903; 50
905; 62
920; 9
918; 29
913; 59
921; 10
924; 31
926; 7
923; 29
930; 3
928; 0
931; 0
910; 49
925; 18
929; 1
934; 0
932; 0
927; 1
933; 0
937; 12
935; 5
938; 0
936; 4
941; 2
945; 20
944; 25
939; 33
942; 29
954; 8
943; 46
962; 12
946; 44
948; 26
947; 87
940; 76
961; 27
949; 60
952; 37
957; 39
958; 34
960; 60
965; 0
963; 45
964; 10
956; 13
950; 85
955; 73
959; 53
973; 16
951; 123
970; 19
979; 14
969; 28
966; 3
972; 37
985; 8
974; 51
968; 54
953; 118
980; 33
967; 83
988; 18
983; 21
978; 59
990; 35
975; 96
984; 72
982; 97
986; 102
976; 127
989; 71
994; 71
987; 92
977; 165
995; 63
997; 76
971; 152
981; 117
996; 81
991; 129
998; 102
1000; 110
993; 105
992; 144
999; 95
1; 2
3; 3
8; 9
4; 10
11; 13
5; 43
9; 51
12; 33
15; 5
2; 19
14; 1
17; 6
7; 25
10; 41
18; 13
6; 37
16; 14
23; 9
25; 19
20; 18
30; 8
22; 7
26; 11
21; 12
27; 13
24; 30
13; 69
19; 41
29; 13
28; 17
35; 0
32; 9
31; 5
33; 15
43; 10
38; 19
39; 7
45; 1
34; 5
40; 5
36; 16
44; 2
41; 10
37; 19
42; 3
46; 0
47; 0
49; 2
48; 4
51; 1
50; 5
56; 13
52; 21
53; 15
54; 15
55; 18
64; 29
59; 42
63; 39
58; 43
67; 2
62; 35
71; 0
65; 27
69; 3
66; 18
60; 32
57; 69
61; 47
68; 10
72; 19
74; 13
81; 20
84; 21
85; 17
70; 61
87; 13
77; 26
75; 19
82; 23
73; 54
78; 25
88; 1
79; 34
76; 31
83; 53
86; 7
89; 3
94; 2
80; 35
90; 9
92; 14
91; 6
93; 5
96; 0
95; 1
98; 10
99; 2
100; 0
97; 3
102; 0
106; 0
109; 1
104; 0
105; 2
101; 9
108; 17
111; 15
113; 23
110; 9
107; 21
114; 19
103; 25
118; 6
112; 26
125; 12
121; 0
123; 0
127; 0
117; 21
122; 0
115; 24
124; 10
120; 20
128; 0
119; 2
133; 1
132; 0
126; 2
116; 27
134; 0
129; 0
131; 17
130; 0
139; 5
137; 19
138; 0
136; 11
135; 0
142; 0
140; 9
141; 24
147; 33
144; 26
148; 6
153; 11
154; 3
143; 26
145; 0
149; 3
155; 8
150; 10
152; 16
146; 13
156; 1
158; 0
151; 30
161; 10
160; 6
162; 7
157; 0
166; 2
165; 9
164; 1
159; 9
168; 5
163; 4
169; 0
167; 4
171; 0
172; 0
170; 4
179; 3
183; 3
173; 12
176; 3
177; 20
175; 11
182; 13
184; 32
188; 51
174; 58
191; 49
178; 47
181; 68
187; 59
185; 83
190; 50
192; 45
180; 80
194; 72
195; 37
196; 53
186; 112
203; 43
204; 44
208; 24
206; 24
210; 64
202; 88
193; 130
213; 49
189; 154
201; 92
197; 97
199; 122
214; 44
207; 54
200; 84
198; 132
205; 79
211; 88
216; 11
215; 23
217; 2
212; 84
209; 51
224; 4
218; 4
220; 10
226; 3
219; 9
222; 9
223; 1
221; 9
225; 2
227; 1
229; 0
228; 0
230; 0
231; 0
237; 4
234; 0
233; 3
239; 5
236; 7
241; 7
238; 12
235; 1
246; 1
232; 28
245; 6
242; 15
244; 18
250; 21
243; 33
257; 14
240; 54
251; 43
254; 37
247; 59
252; 33
249; 47
263; 21
256; 83
253; 51
268; 14
261; 26
262; 18
255; 63
258; 43
248; 103
265; 47
267; 18
270; 9
259; 101
260; 56
264; 43
273; 3
266; 71
269; 59
272; 33
280; 14
271; 54
277; 20
278; 22
274; 34
282; 23
276; 39
287; 2
281; 20
279; 46
275; 44
283; 30
290; 6
286; 4
284; 8
285; 4
291; 0
288; 2
292; 0
289; 0
293; 0
295; 0
296; 6
301; 8
300; 11
302; 0
294; 2
297; 9
298; 11
304; 0
299; 16
309; 1
306; 2
303; 1
305; 7
307; 13
308; 3
310; 1
312; 6
315; 2
311; 1
314; 0
317; 0
316; 4
313; 0
319; 2
321; 4
326; 17
323; 34
318; 53
330; 14
322; 36
324; 32
320; 62
331; 28
334; 20
327; 27
329; 25
337; 8
328; 50
332; 16
336; 6
335; 15
338; 8
344; 3
341; 2
325; 57
339; 2
342; 5
333; 52
348; 8
347; 2
349; 15
340; 6
345; 6
350; 10
351; 0
343; 7
346; 7
352; 0
355; 0
356; 0
354; 0
353; 0
363; 2
357; 0
362; 6
366; 0
358; 0
359; 0
360; 2
361; 2
377; 21
365; 23
364; 35
371; 45
376; 20
369; 58
370; 39
373; 17
372; 21
381; 6
375; 63
367; 41
368; 68
378; 42
379; 27
374; 39
384; 3
380; 47
383; 14
382; 11
387; 3
385; 0
386; 0
388; 4
389; 1
391; 0
394; 2
395; 1
390; 8
392; 5
393; 13
399; 12
401; 11
396; 22
400; 7
404; 16
397; 49
402; 31
409; 30
408; 38
416; 4
398; 47
406; 72
414; 25
411; 21
410; 26
407; 56
412; 22
405; 47
403; 56
423; 1
417; 9
421; 1
415; 8
422; 3
418; 18
413; 45
424; 2
420; 3
427; 0
429; 0
425; 2
419; 15
428; 0
426; 0
430; 0
435; 1
432; 0
437; 2
433; 5
431; 7
439; 9
434; 26
443; 6
445; 4
440; 23
436; 5
441; 17
442; 7
450; 4
449; 1
447; 0
453; 0
455; 0
446; 16
444; 12
451; 7
454; 1
438; 37
452; 10
460; 5
458; 1
448; 4
459; 8
457; 1
463; 0
465; 4
456; 4
468; 1
461; 8
462; 1
464; 3
474; 0
476; 0
471; 0
467; 4
472; 1
473; 10
480; 23
475; 0
478; 11
469; 23
481; 41
479; 17
490; 8
489; 14
484; 9
482; 21
466; 42
487; 18
477; 49
491; 21
486; 15
470; 38
485; 37
494; 10
492; 12
488; 20
483; 55
493; 3
495; 2
497; 0
498; 0
501; 0
496; 2
499; 0
502; 0
500; 0
504; 0
503; 0
505; 0
506; 0
507; 8
512; 22
508; 36
510; 6
516; 11
509; 24
511; 35
513; 43
520; 7
514; 28
523; 8
522; 39
515; 34
530; 28
521; 28
518; 29
532; 11
517; 38
529; 9
527; 38
531; 8
526; 11
524; 21
525; 38
519; 56
542; 0
533; 14
534; 6
537; 6
543; 4
538; 4
528; 52
535; 5
541; 1
540; 3
536; 18
539; 24
544; 7
547; 0
545; 15
549; 2
551; 6
546; 14
550; 0
554; 6
548; 10
557; 2
552; 6
555; 0
556; 0
553; 8
558; 0
562; 0
561; 0
560; 0
565; 0
559; 0
567; 0
564; 0
563; 0
569; 1
572; 6
575; 2
571; 6
568; 1
578; 3
570; 24
573; 11
580; 0
566; 9
576; 15
574; 12
579; 0
585; 0
581; 0
577; 3
582; 0
583; 2
584; 1
587; 1
586; 0
590; 0
588; 0
591; 0
596; 0
602; 0
589; 12
592; 11
600; 8
601; 6
594; 14
598; 28
611; 2
612; 3
597; 24
593; 33
595; 28
605; 15
607; 14
603; 22
609; 6
604; 13
606; 8
608; 29
599; 21
610; 20
616; 6
613; 6
621; 3
617; 1
618; 2
619; 2
614; 1
623; 0
615; 0
620; 7
624; 0
628; 2
622; 2
627; 15
629; 13
625; 5
633; 3
631; 12
638; 5
632; 18
635; 24
630; 10
637; 8
639; 7
634; 11
640; 11
626; 41
643; 4
636; 10
641; 4
642; 1
645; 0
644; 0
647; 0
648; 2
646; 4
649; 3
650; 3
652; 0
654; 0
657; 0
655; 0
651; 0
653; 1
658; 0
659; 0
665; 7
661; 28
663; 7
662; 19
669; 1
660; 27
656; 65
671; 31
666; 35
664; 23
668; 11
673; 6
667; 29
676; 21
680; 10
672; 39
681; 14
670; 52
674; 44
679; 11
675; 5
678; 8
682; 7
677; 6
685; 3
690; 0
683; 2
684; 6
686; 16
694; 1
688; 6
693; 2
689; 6
696; 0
697; 5
687; 9
691; 0
700; 0
695; 6
698; 9
701; 2
692; 7
703; 1
699; 5
706; 0
704; 0
702; 8
705; 2
710; 0
708; 14
707; 14
713; 16
712; 17
711; 17
718; 3
714; 7
709; 13
715; 12
716; 1
722; 0
717; 0
723; 0
719; 6
730; 4
724; 2
735; 1
721; 19
727; 17
728; 23
732; 25
720; 44
725; 36
736; 13
740; 19
733; 24
738; 21
739; 40
731; 31
726; 46
745; 10
744; 1
742; 15
737; 21
729; 51
743; 22
734; 27
747; 6
746; 8
741; 33
748; 13
750; 5
752; 0
751; 6
753; 2
749; 6
758; 19
755; 44
761; 7
763; 32
754; 60
756; 34
757; 39
768; 11
759; 35
760; 35
764; 33
762; 37
769; 4
766; 37
767; 29
765; 56
775; 22
772; 20
780; 3
770; 67
771; 55
778; 4
777; 33
776; 15
781; 5
774; 50
773; 41
783; 4
785; 2
782; 11
779; 16
787; 6
789; 1
784; 28
788; 25
797; 2
793; 29
791; 7
790; 7
792; 15
803; 17
795; 10
786; 47
794; 24
805; 3
802; 7
798; 32
799; 44
804; 48
806; 16
801; 33
796; 35
814; 16
800; 67
807; 57
817; 4
815; 14
812; 21
811; 44
808; 62
813; 20
818; 3
810; 41
809; 42
819; 2
816; 24
822; 0
820; 0
824; 0
823; 0
826; 0
825; 0
821; 0
827; 0
828; 0
830; 0
829; 0
832; 0
834; 0
831; 0
836; 0
833; 0
840; 0
835; 0
837; 4
839; 3
843; 2
846; 2
838; 0
842; 2
841; 3
844; 0
845; 3
847; 0
850; 0
849; 0
851; 0
848; 0
855; 0
852; 8
853; 0
856; 0
861; 16
854; 22
859; 0
863; 3
868; 34
864; 23
878; 4
858; 36
870; 36
867; 23
857; 72
871; 34
862; 88
872; 37
860; 103
865; 71
866; 100
869; 106
879; 35
889; 52
881; 70
875; 112
903; 21
886; 115
882; 72
896; 65
885; 118
902; 39
904; 1
883; 105
901; 46
891; 87
874; 173
892; 98
888; 101
873; 199
893; 126
877; 200
887; 191
894; 131
876; 210
899; 91
907; 42
900; 116
916; 31
906; 70
915; 32
905; 96
880; 211
895; 175
898; 140
890; 188
897; 156
910; 111
921; 58
932; 38
926; 104
936; 21
939; 34
911; 145
884; 331
912; 128
909; 178
925; 136
943; 62
937; 84
948; 63
960; 26
935; 118
918; 210
908; 282
947; 130
942; 155
953; 91
944; 145
941; 160
913; 274
966; 48
914; 289
958; 85
951; 118
919; 222
933; 220
946; 154
940; 170
934; 199
964; 82
931; 233
929; 212
920; 290
930; 268
927; 259
963; 89
972; 53
954; 138
945; 211
922; 296
923; 269
965; 125
952; 210
962; 117
950; 194
973; 87
967; 120
957; 203
968; 115
980; 8
956; 218
938; 252
978; 21
970; 86
961; 135
975; 81
979; 22
924; 338
971; 80
949; 224
959; 193
981; 36
928; 367
976; 54
977; 57
955; 214
974; 48
917; 351
969; 134
984; 9
993; 8
987; 10
986; 31
982; 60
989; 40
997; 36
999; 16
990; 58
992; 27
995; 58
998; 51
996; 26
983; 62
988; 53
991; 31
985; 48
1000; 16
994; 38
2; 0
4; 2
7; 3
5; 2
3; 3
1; 3
12; 16
13; 1
6; 8
9; 0
10; 11
14; 7
8; 2
16; 0
15; 4
11; 2
18; 0
17; 0
19; 3
21; 14
20; 5
26; 1
25; 0
23; 7
24; 9
22; 9
29; 4
27; 2
31; 6
28; 24
37; 21
36; 41
38; 17
30; 55
34; 49
42; 10
40; 41
33; 61
46; 17
35; 48
47; 15
41; 50
53; 14
32; 93
39; 74
43; 64
44; 57
50; 19
56; 0
51; 20
45; 29
52; 33
48; 49
49; 60
59; 0
55; 7
58; 3
60; 5
54; 33
57; 8
69; 12
65; 18
64; 17
62; 27
63; 0
67; 25
66; 5
71; 9
61; 3
70; 21
68; 1
78; 0
82; 8
72; 10
76; 35
75; 31
86; 41
90; 22
89; 15
77; 32
73; 62
80; 89
92; 53
84; 77
93; 48
91; 42
85; 86
74; 99
95; 25
97; 26
94; 30
101; 17
96; 41
81; 91
88; 51
87; 88
79; 122
105; 24
102; 45
108; 25
99; 37
106; 47
117; 16
109; 32
104; 21
110; 26
83; 151
98; 92
114; 26
111; 34
107; 17
116; 21
103; 42
112; 48
113; 19
123; 17
118; 43
115; 45
130; 13
100; 127
119; 50
122; 23
120; 35
131; 11
128; 10
126; 22
121; 37
127; 9
125; 28
124; 42
129; 19
137; 10
135; 4
132; 24
134; 11
138; 10
133; 5
141; 13
136; 9
139; 16
140; 24
145; 10
143; 4
142; 10
146; 4
144; 12
147; 0
151; 1
153; 0
154; 0
148; 3
155; 2
150; 7
160; 4
149; 3
156; 1
158; 0
157; 11
152; 6
168; 4
159; 19
163; 4
164; 20
167; 10
166; 14
174; 1
162; 12
165; 37
171; 22
172; 3
173; 9
161; 21
170; 9
175; 8
169; 7
176; 7
177; 3
179; 4
184; 1
180; 5
182; 1
183; 0
185; 2
178; 4
188; 0
181; 0
186; 0
189; 0
192; 0
187; 0
197; 4
190; 10
193; 1
194; 8
195; 4
200; 0
199; 0
196; 1
198; 0
191; 6
206; 1
203; 0
202; 4
207; 4
201; 11
213; 10
208; 5
204; 28
210; 23
211; 15
214; 1
212; 41
205; 48
216; 26
219; 19
224; 50
209; 88
217; 33
218; 23
229; 13
222; 36
223; 42
215; 36
226; 22
228; 6
227; 22
220; 44
231; 0
225; 44
221; 55
232; 3
238; 6
230; 30
237; 7
233; 9
241; 2
242; 25
244; 0
235; 9
240; 1
243; 0
236; 29
234; 20
239; 15
245; 0
249; 1
246; 3
248; 2
247; 2
251; 0
250; 3
253; 19
252; 5
260; 3
256; 18
259; 26
263; 3
261; 17
264; 7
254; 45
255; 44
258; 24
271; 0
269; 9
262; 30
257; 32
265; 9
267; 16
274; 3
270; 23
273; 8
278; 0
266; 27
277; 7
272; 20
279; 0
276; 4
268; 39
281; 0
275; 7
283; 0
280; 0
282; 0
284; 1
285; 0
286; 1
289; 0
288; 5
291; 9
287; 6
292; 23
290; 1
295; 8
293; 8
303; 3
294; 26
299; 11
297; 23
304; 18
296; 37
302; 23
310; 23
307; 71
305; 50
298; 66
317; 14
301; 69
309; 24
314; 30
300; 77
306; 58
320; 11
319; 4
308; 57
312; 67
316; 25
315; 45
313; 15
318; 13
311; 57
321; 0
324; 6
323; 14
322; 12
325; 13
327; 11
326; 27
333; 7
330; 5
329; 41
328; 51
338; 45
337; 28
334; 54
340; 24
351; 23
336; 73
343; 34
346; 40
332; 53
348; 32
354; 27
341; 47
349; 7
331; 100
345; 25
335; 81
344; 48
356; 2
339; 48
342; 70
355; 7
358; 3
353; 56
350; 53
352; 54
359; 4
347; 72
357; 28
360; 27
362; 15
371; 1
361; 39
363; 32
372; 3
367; 34
365; 50
374; 10
364; 77
366; 53
370; 59
369; 45
368; 62
376; 21
383; 22
377; 15
379; 54
380; 65
381; 47
386; 26
387; 18
384; 44
382; 27
375; 56
373; 63
395; 4
378; 75
393; 12
397; 3
391; 17
394; 2
396; 6
389; 29
399; 8
401; 2
388; 75
406; 29
403; 27
390; 83
400; 37
404; 23
420; 7
415; 36
398; 80
411; 42
425; 20
418; 44
414; 64
419; 49
423; 28
410; 133
421; 59
430; 47
392; 181
408; 77
385; 232
417; 85
437; 32
422; 75
444; 7
424; 99
432; 69
409; 147
413; 141
407; 151
426; 81
431; 80
443; 44
427; 109
405; 193
438; 61
452; 14
435; 100
453; 30
433; 115
412; 218
402; 250
428; 153
462; 10
441; 111
434; 160
439; 173
457; 35
416; 241
445; 93
450; 99
440; 142
447; 70
436; 181
461; 49
467; 12
460; 49
442; 194
470; 9
429; 176
468; 15
456; 77
446; 118
458; 68
451; 154
448; 151
449; 130
464; 39
472; 1
466; 27
454; 87
455; 88
463; 41
469; 39
459; 77
477; 0
478; 0
471; 6
473; 8
476; 2
474; 7
465; 82
475; 12
480; 1
479; 7
486; 9
485; 13
481; 14
488; 17
487; 10
491; 19
492; 9
499; 4
494; 5
483; 43
495; 48
489; 34
501; 5
484; 65
482; 78
493; 35
500; 15
496; 48
490; 90
509; 24
502; 42
497; 39
508; 8
504; 19
506; 28
505; 40
503; 11
498; 86
507; 32
513; 35
512; 34
528; 16
517; 71
522; 69
515; 48
520; 76
519; 82
510; 81
511; 77
514; 80
523; 54
530; 54
525; 81
532; 59
538; 25
534; 34
526; 77
541; 11
537; 47
521; 113
533; 78
527; 95
516; 133
543; 24
518; 122
531; 68
536; 44
529; 127
540; 25
524; 122
535; 45
542; 39
539; 51
547; 35
548; 14
556; 22
545; 59
561; 19
560; 27
567; 14
544; 99
559; 58
558; 59
550; 90
551; 63
568; 42
562; 37
546; 129
557; 63
555; 121
563; 44
569; 31
554; 84
564; 38
572; 0
552; 98
553; 103
566; 36
571; 0
549; 105
565; 61
570; 0
577; 0
575; 0
574; 1
581; 0
578; 1
573; 0
576; 1
579; 2
584; 0
588; 15
586; 1
582; 7
580; 6
585; 10
589; 12
590; 5
587; 12
591; 1
583; 10
592; 1
595; 0
594; 12
596; 8
597; 31
593; 22
598; 31
612; 3
599; 26
604; 34
603; 20
609; 22
605; 36
602; 49
611; 48
613; 35
610; 86
617; 50
616; 38
600; 90
607; 75
608; 91
633; 1
619; 37
606; 111
624; 60
601; 131
618; 73
614; 83
615; 113
626; 81
627; 74
629; 29
623; 78
642; 21
620; 113
645; 11
635; 56
639; 68
638; 56
634; 44
641; 48
644; 43
622; 140
649; 13
637; 66
621; 136
630; 105
632; 88
625; 80
640; 41
643; 42
650; 25
648; 31
631; 135
636; 145
660; 12
652; 53
628; 175
647; 78
653; 72
674; 4
659; 21
675; 18
651; 94
666; 29
657; 105
655; 127
654; 116
670; 67
680; 20
646; 149
685; 12
661; 130
676; 59
672; 96
658; 131
684; 43
677; 94
669; 129
667; 166
664; 181
687; 35
662; 184
656; 226
681; 106
668; 156
678; 111
671; 172
682; 114
686; 66
693; 43
692; 86
688; 83
698; 30
665; 177
696; 65
679; 121
695; 56
704; 21
697; 47
663; 204
690; 109
701; 46
694; 102
689; 133
691; 131
710; 29
709; 33
700; 75
699; 73
673; 211
706; 50
707; 41
702; 80
718; 17
713; 24
715; 23
720; 20
712; 56
717; 9
683; 208
708; 54
703; 36
714; 66
711; 61
719; 27
716; 56
721; 0
725; 0
726; 2
723; 6
705; 76
722; 9
724; 7
731; 1
730; 5
727; 2
728; 0
729; 4
732; 0
735; 0
733; 1
738; 0
734; 5
737; 3
736; 9
743; 6
742; 10
746; 4
740; 4
739; 1
741; 2
745; 5
744; 7
748; 0
751; 0
747; 2
749; 2
756; 2
750; 7
753; 10
752; 4
755; 7
754; 18
757; 28
762; 3
761; 31
759; 16
763; 16
760; 25
765; 7
758; 16
764; 6
767; 0
766; 0
770; 0
773; 0
771; 0
769; 0
768; 0
777; 4
775; 0
774; 2
779; 0
781; 0
778; 0
782; 0
780; 0
772; 4
776; 0
785; 0
783; 0
786; 0
784; 0
787; 0
791; 1
788; 0
789; 1
790; 1
794; 0
793; 1
798; 6
795; 1
792; 1
799; 6
800; 3
801; 0
803; 7
804; 13
797; 9
810; 9
813; 2
796; 32
814; 11
806; 42
809; 33
805; 29
816; 16
802; 60
807; 26
817; 6
811; 37
808; 50
815; 26
812; 30
818; 7
820; 0
819; 4
823; 0
824; 0
822; 0
821; 0
825; 2
827; 0
826; 2
836; 2
829; 15
828; 20
831; 4
834; 1
830; 0
837; 1
835; 6
838; 3
841; 3
832; 25
833; 22
839; 21
846; 11
850; 13
845; 18
840; 20
848; 37
843; 34
844; 31
853; 5
852; 30
849; 33
847; 27
859; 11
856; 7
855; 4
842; 46
858; 0
860; 0
854; 25
851; 16
857; 1
861; 5
862; 0
864; 0
863; 0
865; 0
867; 0
866; 0
868; 4
870; 1
873; 0
874; 7
869; 0
872; 3
891; 3
886; 10
880; 7
883; 16
871; 31
885; 29
890; 8
879; 28
881; 38
889; 33
875; 51
884; 28
877; 43
887; 29
878; 39
892; 22
888; 46
876; 61
895; 26
894; 59
893; 36
882; 64
902; 11
896; 49
898; 20
905; 4
904; 24
903; 7
906; 10
897; 60
899; 35
900; 9
909; 10
901; 53
908; 43
910; 22
911; 40
915; 13
916; 14
907; 35
913; 28
917; 9
918; 13
912; 9
914; 24
920; 12
919; 14
924; 1
937; 1
923; 29
926; 20
929; 62
934; 37
944; 27
936; 44
933; 91
958; 3
950; 31
922; 95
945; 72
932; 120
943; 98
959; 36
949; 54
927; 142
946; 76
953; 102
957; 70
947; 133
931; 161
969; 39
928; 165
963; 36
940; 179
921; 224
938; 234
930; 204
967; 82
941; 183
964; 108
971; 41
935; 245
981; 8
951; 174
925; 275
942; 212
960; 147
961; 190
989; 13
972; 140
978; 114
992; 60
962; 211
955; 292
976; 165
973; 231
956; 306
988; 88
984; 118
987; 89
998; 116
982; 175
939; 379
948; 366
970; 195
977; 250
965; 315
954; 385
966; 348
999; 141
994; 207
979; 250
975; 284
983; 298
995; 251
1000; 197
996; 266
990; 259
991; 338
968; 456
952; 518
985; 356
980; 401
997; 422
974; 680
993; 655
986; 822
3; 0
4; 0
2; 0
1; 0
5; 0
10; 0
11; 5
12; 8
8; 6
6; 0
7; 3
9; 2
14; 10
15; 2
20; 1
13; 7
19; 6
21; 0
22; 5
17; 18
18; 10
27; 0
26; 0
16; 8
24; 0
25; 2
23; 10
28; 0
29; 0
30; 0
33; 3
34; 1
32; 2
38; 1
35; 5
31; 4
37; 14
39; 0
42; 8
43; 7
46; 0
36; 10
41; 4
44; 3
40; 0
50; 1
53; 10
52; 12
58; 9
45; 21
47; 9
51; 0
57; 16
54; 31
49; 10
48; 2
59; 0
56; 17
55; 24
60; 1
64; 4
62; 1
68; 0
61; 3
65; 2
71; 0
67; 12
63; 0
73; 0
66; 7
72; 6
70; 25
74; 15
76; 16
77; 16
85; 5
69; 33
86; 11
87; 6
81; 44
79; 70
90; 12
80; 62
75; 58
89; 22
83; 78
78; 52
93; 6
94; 3
91; 5
82; 87
88; 37
102; 1
84; 58
99; 5
96; 10
95; 13
92; 26
97; 24
103; 2
100; 32
104; 19
101; 13
108; 22
106; 24
110; 6
115; 1
98; 39
105; 23
107; 16
109; 25
111; 10
114; 2
112; 20
117; 3
116; 1
119; 0
113; 0
118; 7
123; 0
121; 0
120; 0
122; 0
128; 0
125; 0
127; 0
124; 0
130; 0
131; 5
134; 1
126; 13
139; 8
133; 11
142; 2
137; 12
136; 27
129; 41
151; 27
155; 15
147; 16
138; 105
132; 94
141; 72
143; 62
135; 113
154; 40
167; 15
153; 35
144; 73
162; 62
145; 167
161; 101
187; 9
171; 26
140; 169
170; 51
146; 138
160; 77
181; 52
168; 77
149; 179
175; 93
159; 124
196; 13
174; 77
166; 126
148; 239
190; 45
191; 3
150; 193
176; 142
156; 182
182; 103
179; 104
184; 90
198; 33
157; 210
206; 26
185; 106
188; 95
186; 132
158; 226
164; 222
201; 102
199; 91
172; 255
202; 97
163; 251
173; 265
207; 102
210; 86
177; 228
152; 354
213; 81
189; 164
165; 325
204; 156
208; 120
205; 137
180; 311
195; 218
216; 122
183; 341
219; 92
225; 79
230; 28
209; 212
211; 182
214; 164
197; 236
228; 58
178; 390
220; 98
215; 181
231; 63
194; 298
212; 200
217; 128
221; 144
192; 289
223; 82
169; 339
236; 45
203; 244
235; 26
224; 135
232; 80
218; 187
226; 152
227; 85
233; 104
239; 44
243; 25
240; 84
246; 2
238; 64
229; 123
237; 48
242; 64
193; 339
234; 100
245; 6
241; 51
247; 10
200; 351
222; 188
250; 30
258; 14
244; 35
259; 4
260; 6
261; 0
255; 5
256; 21
253; 43
252; 30
263; 7
249; 56
257; 23
251; 24
262; 5
248; 39
254; 47
267; 6
266; 17
270; 10
264; 18
265; 30
275; 11
276; 1
272; 5
269; 21
268; 29
274; 8
273; 17
279; 0
271; 37
281; 0
280; 0
289; 4
282; 18
286; 19
290; 13
285; 0
283; 13
284; 39
278; 64
292; 49
288; 48
299; 25
277; 78
295; 41
296; 59
308; 1
294; 50
302; 29
287; 59
291; 66
300; 39
306; 26
298; 30
301; 33
297; 20
304; 16
293; 43
307; 6
303; 13
310; 0
305; 39
309; 9
314; 11
316; 2
313; 5
311; 3
312; 2
323; 0
315; 10
320; 2
317; 1
321; 0
327; 7
324; 2
322; 7
319; 33
325; 22
331; 4
318; 12
330; 1
334; 8
335; 0
332; 1
326; 27
329; 19
328; 14
336; 8
337; 0
339; 4
333; 21
344; 11
342; 3
346; 3
347; 3
341; 17
345; 17
343; 1
340; 10
338; 18
351; 1
348; 4
349; 6
350; 6
354; 11
356; 9
353; 12
359; 2
357; 7
355; 9
352; 2
361; 0
358; 10
360; 0
362; 3
364; 4
369; 3
363; 2
370; 18
367; 10
365; 11
371; 30
368; 13
376; 18
374; 20
375; 8
372; 12
366; 36
378; 0
377; 12
380; 0
373; 22
382; 5
384; 1
379; 0
381; 10
383; 0
386; 0
385; 0
389; 0
387; 3
388; 2
390; 0
391; 0
392; 0
393; 1
396; 5
399; 27
397; 15
394; 28
403; 32
398; 27
395; 23
404; 4
407; 5
405; 27
402; 2
400; 0
408; 0
412; 0
401; 13
409; 1
406; 10
414; 3
410; 0
413; 1
411; 4
421; 11
428; 1
419; 42
423; 28
415; 89
417; 69
426; 53
418; 81
416; 77
436; 25
425; 74
438; 5
431; 88
430; 99
427; 82
420; 88
434; 41
422; 140
429; 95
444; 5
439; 19
432; 120
433; 100
437; 81
440; 25
441; 73
458; 19
424; 199
447; 65
457; 15
443; 102
448; 89
453; 93
451; 96
455; 59
446; 102
454; 27
461; 56
442; 129
450; 108
456; 93
452; 108
464; 51
445; 118
465; 60
468; 21
449; 133
435; 197
460; 78
472; 19
466; 51
462; 73
459; 72
476; 2
463; 58
471; 34
469; 30
470; 15
477; 4
473; 26
475; 4
467; 50
481; 14
474; 14
485; 13
483; 4
478; 20
490; 5
484; 13
489; 6
488; 4
482; 14
493; 3
480; 12
479; 38
491; 8
486; 7
487; 15
492; 9
494; 9
495; 7
496; 21
498; 26
500; 2
502; 29
503; 26
505; 16
511; 13
501; 27
497; 49
507; 7
499; 30
510; 18
508; 7
516; 0
506; 33
513; 4
512; 14
514; 25
509; 33
504; 52
515; 4
519; 0
517; 0
521; 0
518; 1
523; 0
524; 0
522; 0
520; 0
528; 14
533; 8
525; 37
536; 15
526; 23
527; 25
539; 25
534; 54
535; 17
542; 14
538; 30
529; 51
537; 30
531; 59
532; 23
541; 43
543; 11
550; 13
530; 80
544; 37
549; 12
546; 20
561; 14
547; 20
556; 17
551; 32
562; 18
558; 35
553; 39
555; 35
567; 4
571; 16
557; 30
554; 62
566; 19
545; 108
548; 88
540; 148
568; 42
572; 18
577; 31
570; 40
552; 111
573; 20
559; 108
575; 50
569; 92
560; 130
565; 74
563; 122
579; 34
586; 10
576; 67
564; 116
590; 19
574; 88
580; 51
581; 42
585; 66
594; 20
587; 78
606; 6
599; 34
584; 68
598; 64
604; 18
603; 23
605; 27
593; 143
616; 21
588; 121
592; 153
601; 76
578; 220
596; 119
623; 41
608; 70
620; 23
627; 28
591; 133
610; 104
622; 40
595; 161
607; 90
582; 191
602; 149
629; 56
628; 61
617; 72
597; 173
619; 110
618; 126
639; 24
609; 150
634; 69
630; 91
642; 21
626; 89
589; 272
621; 148
611; 210
633; 109
613; 249
632; 153
645; 84
654; 40
624; 230
600; 297
612; 314
641; 142
643; 113
657; 101
625; 254
673; 7
583; 446
652; 115
631; 254
671; 28
637; 197
648; 181
646; 177
653; 137
651; 157
615; 355
644; 203
647; 193
635; 276
676; 42
614; 379
661; 110
667; 121
664; 126
669; 83
656; 147
636; 245
655; 124
663; 156
649; 217
650; 212
658; 220
638; 322
678; 95
660; 179
682; 95
690; 38
659; 273
640; 328
697; 6
699; 27
662; 300
711; 5
686; 173
710; 37
705; 47
704; 64
679; 197
683; 212
680; 229
668; 336
681; 244
688; 164
684; 184
672; 273
696; 123
700; 92
708; 63
715; 50
687; 188
665; 371
685; 234
716; 55
692; 169
670; 325
703; 75
674; 311
677; 276
666; 326
709; 60
693; 179
695; 181
691; 189
721; 41
720; 64
675; 305
717; 35
712; 60
701; 130
689; 211
694; 178
702; 131
728; 3
713; 110
698; 152
726; 10
707; 111
706; 90
719; 47
722; 39
714; 89
724; 12
718; 83
737; 4
727; 14
733; 17
730; 21
738; 7
729; 36
732; 45
725; 106
723; 128
748; 9
731; 63
740; 41
747; 32
743; 36
750; 4
745; 34
751; 0
734; 73
739; 45
741; 38
742; 51
744; 60
749; 4
735; 85
736; 93
746; 38
752; 0
754; 10
753; 1
757; 0
767; 8
755; 66
765; 22
764; 41
756; 38
760; 37
759; 73
775; 21
776; 43
781; 5
769; 31
758; 60
763; 43
761; 118
779; 39
782; 5
777; 46
762; 117
778; 63
766; 108
784; 37
783; 112
788; 40
773; 118
785; 94
770; 167
796; 39
772; 155
797; 75
792; 101
768; 154
798; 89
793; 97
774; 162
800; 61
786; 135
794; 135
799; 105
771; 192
809; 56
803; 67
811; 60
787; 167
789; 188
807; 88
806; 64
801; 130
780; 248
805; 118
790; 162
812; 65
820; 15
795; 174
808; 85
813; 100
818; 95
822; 79
810; 143
832; 13
825; 117
827; 51
826; 116
815; 196
842; 73
814; 187
849; 27
804; 280
838; 112
837; 134
839; 101
852; 9
791; 427
817; 274
824; 171
840; 112
843; 114
833; 128
848; 42
823; 196
829; 164
845; 77
831; 160
821; 254
841; 137
816; 288
847; 68
844; 147
802; 351
828; 248
834; 191
860; 17
855; 40
830; 210
864; 25
819; 316
865; 12
836; 205
850; 146
854; 124
869; 7
866; 34
874; 6
863; 76
835; 289
861; 89
851; 178
858; 133
870; 54
856; 143
872; 67
857; 149
859; 141
873; 81
862; 142
846; 264
879; 50
868; 88
884; 15
867; 109
871; 86
882; 63
883; 31
876; 59
887; 16
875; 78
881; 73
877; 96
853; 257
880; 68
886; 3
885; 13
891; 4
878; 87
890; 17
893; 17
894; 3
897; 6
898; 0
888; 24
902; 7
889; 22
899; 2
901; 9
895; 7
892; 24
900; 14
896; 15
903; 11
909; 2
905; 19
907; 11
911; 8
906; 13
904; 30
908; 1
910; 2
913; 1
912; 0
915; 0
916; 0
918; 0
914; 2
919; 0
922; 0
921; 0
917; 3
925; 0
927; 0
920; 1
923; 2
924; 0
929; 5
935; 3
926; 0
928; 4
931; 7
933; 9
932; 6
948; 2
950; 33
955; 20
940; 65
936; 75
949; 56
947; 61
941; 84
952; 18
951; 51
930; 109
942; 85
953; 55
938; 114
956; 40
939; 86
937; 88
946; 78
945; 80
943; 101
957; 66
934; 133
958; 69
965; 7
969; 1
944; 145
954; 74
964; 19
966; 3
962; 36
963; 13
959; 67
960; 74
961; 34
976; 2
983; 21
975; 47
984; 42
973; 42
974; 17
968; 55
993; 1
981; 34
997; 28
971; 100
979; 73
998; 36
977; 81
985; 105
967; 136
980; 65
999; 58
986; 100
982; 135
995; 95
994; 72
988; 129
991; 92
972; 163
987; 143
989; 147
1000; 135
970; 214
990; 137
978; 222
992; 146
996; 135
