4; 0
1; 0
5; 0
3; 0
8; 0
2; 0
9; 0
6; 0
10; 0
14; 3
7; 0
11; 0
13; 1
12; 1
16; 0
18; 0
17; 2
15; 0
19; 0
20; 0
21; 0
22; 0
23; 5
29; 0
25; 3
24; 17
39; 2
34; 15
32; 21
33; 42
27; 65
26; 69
38; 52
41; 44
37; 64
31; 48
43; 25
47; 22
30; 55
46; 45
35; 111
49; 30
45; 29
28; 96
44; 86
48; 22
36; 62
40; 87
54; 11
52; 7
42; 77
51; 31
67; 2
50; 61
56; 23
59; 30
69; 13
62; 40
58; 20
57; 36
60; 21
55; 12
64; 25
53; 72
63; 25
70; 10
72; 6
73; 14
61; 44
68; 11
66; 22
75; 1
74; 21
65; 41
71; 29
77; 22
79; 20
82; 13
80; 9
78; 32
85; 12
76; 18
90; 9
93; 5
81; 13
84; 28
89; 17
83; 56
87; 12
95; 13
102; 0
91; 16
96; 26
88; 47
86; 67
101; 11
92; 51
94; 33
99; 25
105; 16
106; 24
100; 40
109; 29
97; 39
98; 46
103; 54
110; 16
107; 29
104; 24
108; 40
117; 12
113; 5
120; 0
115; 3
112; 0
111; 0
114; 0
121; 0
118; 2
119; 0
116; 11
126; 0
125; 0
124; 0
122; 0
128; 0
123; 0
132; 0
129; 0
130; 5
137; 10
127; 41
142; 9
138; 8
131; 10
133; 19
136; 12
140; 11
134; 22
135; 7
139; 5
144; 2
141; 5
145; 2
148; 3
147; 4
146; 6
155; 0
154; 4
143; 16
149; 14
150; 20
160; 17
153; 29
152; 27
159; 18
166; 1
158; 18
168; 1
161; 13
151; 43
156; 55
163; 19
157; 53
167; 8
164; 20
162; 27
165; 9
173; 5
170; 14
175; 1
174; 2
169; 7
172; 4
171; 1
180; 1
176; 0
182; 0
178; 6
177; 1
179; 3
184; 0
185; 8
181; 12
183; 6
187; 3
186; 4
192; 0
188; 0
190; 1
191; 2
195; 8
196; 0
189; 0
193; 0
197; 0
194; 0
200; 3
207; 28
202; 36
210; 24
201; 10
199; 19
203; 12
209; 23
198; 17
211; 28
205; 25
214; 4
212; 4
204; 50
206; 30
216; 5
213; 0
215; 3
218; 5
208; 22
222; 1
217; 4
221; 0
219; 0
220; 0
223; 0
226; 0
225; 0
224; 0
230; 0
229; 0
234; 0
228; 1
236; 0
227; 4
233; 2
237; 0
238; 3
242; 0
245; 11
240; 33
232; 32
247; 5
235; 33
244; 12
256; 26
239; 42
231; 52
246; 66
241; 78
260; 23
262; 12
252; 12
258; 23
249; 43
263; 2
267; 16
250; 50
243; 84
259; 51
254; 33
248; 97
273; 17
265; 36
261; 47
251; 108
257; 85
276; 21
271; 38
255; 76
272; 43
266; 43
253; 114
268; 44
264; 88
275; 22
278; 11
270; 47
279; 32
280; 7
269; 41
285; 0
274; 13
283; 3
281; 4
277; 13
284; 9
282; 1
286; 0
287; 7
293; 13
289; 18
291; 14
288; 8
292; 10
290; 14
297; 4
294; 4
295; 0
296; 8
301; 1
303; 0
299; 0
298; 3
308; 0
305; 1
300; 6
310; 0
304; 4
302; 0
309; 1
311; 0
306; 2
307; 0
312; 0
315; 0
314; 0
313; 0
318; 1
316; 1
321; 0
317; 17
320; 14
326; 19
322; 31
319; 38
324; 17
325; 44
327; 12
328; 23
323; 45
329; 21
340; 16
331; 36
334; 16
336; 16
335; 44
341; 28
346; 26
354; 3
343; 66
345; 13
338; 46
350; 12
333; 85
332; 99
359; 4
339; 59
344; 74
342; 64
352; 39
349; 51
337; 92
353; 18
347; 34
351; 22
330; 128
348; 60
368; 8
370; 6
357; 54
363; 18
373; 17
364; 23
360; 39
362; 33
365; 72
355; 112
379; 35
356; 122
358; 96
372; 44
389; 1
377; 43
374; 61
382; 24
380; 22
387; 2
361; 108
375; 61
369; 85
378; 63
384; 36
388; 37
366; 92
391; 26
371; 104
386; 52
367; 156
385; 52
376; 102
390; 36
396; 7
381; 67
398; 11
395; 27
392; 36
393; 51
404; 20
394; 61
402; 9
405; 2
399; 14
400; 22
397; 66
406; 4
383; 135
401; 28
410; 15
411; 0
407; 5
403; 30
408; 23
409; 11
414; 8
419; 3
415; 14
412; 7
417; 4
416; 10
413; 23
418; 8
422; 10
420; 8
425; 7
426; 0
421; 4
424; 3
423; 5
427; 2
428; 0
432; 0
436; 2
433; 0
431; 8
434; 0
430; 13
435; 4
429; 11
438; 3
440; 0
441; 0
439; 7
437; 0
443; 0
442; 0
448; 6
447; 0
444; 0
446; 0
445; 0
451; 0
453; 0
449; 1
454; 17
457; 3
452; 5
450; 9
456; 33
460; 36
461; 40
459; 38
458; 58
455; 50
468; 16
462; 52
471; 15
469; 47
474; 24
476; 11
467; 72
463; 73
480; 25
464; 102
482; 7
478; 21
465; 75
472; 80
477; 68
490; 44
475; 52
470; 121
487; 33
496; 42
495; 37
502; 19
498; 21
499; 19
484; 92
489; 47
479; 72
506; 19
500; 45
494; 35
483; 111
505; 36
503; 11
485; 103
488; 102
473; 175
497; 61
517; 16
514; 50
518; 48
501; 83
531; 6
493; 169
504; 93
508; 47
481; 190
510; 81
513; 73
524; 52
515; 96
511; 101
507; 115
542; 16
519; 76
525; 95
492; 211
509; 163
466; 333
486; 283
528; 108
530; 105
541; 63
526; 126
522; 131
548; 46
527; 161
512; 217
521; 182
540; 168
491; 331
561; 15
532; 158
529; 220
536; 194
533; 203
547; 189
565; 87
516; 299
554; 143
563; 89
520; 283
535; 259
571; 83
549; 236
582; 11
560; 154
584; 8
581; 39
537; 260
552; 166
523; 344
590; 14
539; 313
545; 273
583; 34
559; 214
544; 302
534; 319
576; 151
570; 160
567; 169
538; 320
579; 101
569; 179
597; 5
578; 108
553; 282
558; 267
555; 262
564; 193
557; 266
588; 68
562; 265
566; 266
543; 344
556; 302
546; 376
591; 79
596; 82
587; 110
580; 175
575; 212
593; 100
592; 145
550; 384
577; 220
603; 13
551; 327
586; 137
595; 124
572; 234
574; 249
589; 162
568; 268
585; 159
604; 26
606; 4
573; 234
605; 12
594; 148
601; 37
602; 26
599; 71
611; 0
608; 0
609; 1
598; 91
600; 41
607; 1
610; 0
613; 0
614; 5
616; 2
612; 3
619; 0
615; 0
618; 4
617; 0
622; 0
620; 15
621; 9
623; 4
624; 16
626; 1
625; 7
630; 14
627; 9
629; 9
628; 7
633; 0
632; 16
634; 4
631; 37
635; 2
637; 2
640; 1
636; 3
638; 17
639; 13
644; 0
642; 0
641; 0
643; 5
646; 0
645; 0
648; 2
650; 0
647; 0
651; 1
649; 0
653; 0
655; 0
656; 0
652; 3
654; 0
660; 0
662; 1
658; 0
659; 0
657; 3
663; 0
664; 0
661; 0
665; 0
669; 15
672; 15
667; 39
681; 3
671; 27
666; 9
670; 3
675; 24
679; 6
682; 16
680; 21
678; 58
684; 19
668; 58
674; 51
673; 69
677; 56
692; 4
688; 3
686; 22
683; 58
676; 85
687; 23
694; 12
685; 75
699; 19
689; 21
693; 47
691; 43
696; 23
697; 8
695; 33
690; 47
698; 11
700; 26
710; 9
703; 2
702; 7
701; 18
708; 23
709; 14
704; 6
706; 44
707; 26
712; 0
705; 29
711; 14
713; 10
714; 0
715; 0
716; 9
717; 0
718; 0
721; 0
720; 2
726; 14
731; 10
722; 16
727; 3
729; 21
728; 5
732; 2
735; 0
719; 37
723; 28
734; 0
724; 58
733; 2
730; 35
725; 18
736; 0
740; 0
737; 6
738; 15
742; 5
750; 3
744; 8
753; 1
748; 7
752; 11
741; 12
739; 8
746; 21
745; 18
747; 25
755; 0
756; 0
743; 13
759; 0
751; 7
749; 3
754; 9
760; 5
765; 0
764; 5
757; 2
758; 11
769; 0
761; 6
766; 3
763; 5
762; 10
767; 4
771; 0
775; 4
770; 0
773; 0
774; 5
768; 8
778; 12
781; 6
776; 29
779; 16
782; 12
791; 10
772; 20
783; 23
780; 29
786; 24
777; 33
785; 16
787; 10
790; 29
792; 22
800; 25
784; 27
805; 36
789; 60
796; 44
794; 29
793; 81
814; 17
798; 56
813; 36
788; 99
808; 66
803; 43
801; 116
811; 91
795; 132
797; 159
810; 90
799; 169
806; 134
825; 68
816; 105
807; 124
831; 20
812; 143
826; 68
834; 35
821; 99
829; 71
820; 129
818; 116
835; 82
809; 183
804; 201
823; 137
832; 52
819; 129
833; 78
815; 191
824; 94
830; 76
822; 128
845; 24
850; 3
842; 49
827; 102
843; 28
817; 176
841; 41
828; 117
837; 97
854; 13
839; 74
802; 268
836; 167
838; 160
840; 154
846; 71
852; 52
853; 41
861; 43
851; 71
859; 75
847; 112
855; 53
848; 129
874; 18
869; 28
858; 61
844; 170
856; 85
865; 45
862; 93
867; 40
864; 75
870; 60
884; 5
860; 124
875; 57
878; 31
857; 157
849; 160
873; 89
863; 133
871; 94
872; 64
880; 27
866; 79
877; 48
883; 8
876; 53
868; 106
881; 39
879; 62
882; 40
889; 8
885; 30
886; 35
888; 9
895; 8
894; 18
890; 39
896; 20
900; 20
893; 23
899; 26
898; 55
901; 27
892; 56
917; 8
897; 47
907; 23
910; 23
908; 8
903; 30
922; 6
905; 24
891; 106
911; 22
921; 25
916; 44
912; 67
926; 21
902; 119
919; 95
923; 93
931; 87
924; 122
934; 106
936; 64
913; 150
928; 154
918; 129
927; 134
906; 179
915; 188
939; 116
925; 182
940; 127
933; 158
962; 48
941; 126
965; 77
945; 113
960; 79
944; 119
929; 277
932; 230
887; 410
948; 156
970; 59
909; 291
949; 144
957; 111
904; 347
952; 177
956; 136
975; 22
964; 147
930; 255
943; 262
989; 21
983; 44
974; 132
920; 376
969; 96
947; 244
972; 133
987; 70
946; 266
961; 248
981; 77
951; 302
980; 74
990; 78
976; 128
967; 234
973; 147
914; 453
963; 243
955; 256
935; 397
942; 310
966; 227
958; 271
950; 347
986; 154
992; 139
982; 193
977; 203
988; 152
937; 395
938; 408
968; 328
971; 244
978; 249
985; 205
953; 427
998; 80
996; 99
995; 112
954; 413
999; 116
979; 297
1000; 127
993; 229
984; 266
959; 369
997; 288
994; 253
991; 384
3; 0
6; 0
4; 0
2; 0
1; 0
5; 0
8; 0
7; 6
9; 4
14; 21
11; 13
12; 21
20; 0
16; 10
15; 11
10; 7
17; 3
22; 0
18; 4
13; 32
19; 3
21; 2
23; 2
25; 0
26; 3
24; 0
29; 0
27; 0
32; 6
30; 0
33; 3
28; 0
35; 0
31; 0
37; 5
34; 0
41; 1
36; 3
44; 3
39; 8
40; 3
43; 3
38; 0
45; 0
42; 0
49; 0
47; 0
46; 0
48; 0
50; 0
55; 0
56; 1
51; 0
53; 1
52; 0
57; 5
58; 0
54; 0
63; 2
64; 0
59; 43
72; 2
61; 31
69; 12
67; 26
68; 8
65; 33
66; 21
70; 4
62; 35
79; 3
71; 10
60; 63
73; 7
78; 3
77; 8
74; 8
80; 7
87; 11
82; 22
81; 29
76; 59
85; 56
94; 2
75; 66
86; 34
90; 39
92; 21
88; 41
89; 47
83; 51
91; 63
93; 32
84; 58
95; 10
103; 1
96; 39
99; 6
100; 25
98; 18
97; 19
106; 9
101; 17
108; 0
104; 39
109; 2
102; 22
114; 12
113; 25
117; 6
107; 30
111; 2
105; 29
110; 24
115; 14
116; 1
112; 3
123; 0
119; 1
118; 0
121; 0
120; 13
128; 7
126; 0
122; 2
127; 1
125; 15
124; 1
130; 0
131; 0
129; 0
133; 0
132; 34
136; 42
135; 38
140; 56
142; 34
147; 28
146; 39
153; 52
166; 2
164; 32
139; 131
141; 117
137; 127
149; 83
165; 65
169; 64
157; 120
154; 125
143; 110
155; 92
160; 108
150; 136
159; 115
167; 57
138; 182
163; 91
168; 93
151; 131
152; 140
170; 80
162; 95
161; 168
144; 180
156; 179
172; 98
174; 64
148; 174
175; 73
178; 56
158; 175
180; 90
134; 291
188; 18
186; 62
177; 125
198; 14
193; 27
190; 29
194; 59
183; 75
181; 77
182; 58
185; 99
179; 171
202; 57
192; 85
176; 241
187; 142
213; 45
206; 77
208; 68
184; 168
171; 213
209; 55
200; 87
197; 120
205; 133
221; 17
212; 80
204; 120
191; 165
195; 145
145; 423
173; 271
225; 11
196; 147
217; 32
189; 207
199; 173
218; 31
207; 139
223; 64
214; 124
201; 169
215; 88
203; 158
216; 72
210; 138
220; 60
211; 156
224; 27
229; 0
226; 10
219; 93
227; 30
235; 9
222; 127
233; 27
236; 9
250; 23
230; 62
252; 14
237; 67
246; 62
243; 74
247; 36
238; 64
242; 73
249; 62
241; 109
228; 120
257; 16
239; 157
251; 83
245; 105
261; 16
244; 94
255; 54
253; 53
248; 97
260; 8
254; 79
240; 100
256; 16
259; 12
231; 147
232; 157
234; 142
258; 36
262; 1
264; 0
263; 0
268; 0
265; 1
272; 5
266; 4
270; 3
271; 1
269; 10
273; 0
279; 12
275; 17
278; 4
267; 38
281; 25
276; 4
282; 23
274; 17
289; 5
285; 13
280; 46
286; 21
283; 45
291; 25
299; 30
284; 43
277; 59
297; 16
290; 31
298; 16
300; 29
288; 47
305; 20
294; 61
304; 38
310; 20
301; 47
292; 79
287; 90
302; 62
307; 41
295; 65
308; 16
303; 41
315; 10
316; 5
296; 94
311; 29
293; 86
309; 50
313; 15
320; 23
317; 26
306; 57
323; 18
336; 4
325; 21
334; 22
321; 39
335; 21
322; 55
342; 5
338; 13
312; 96
326; 60
314; 108
319; 66
332; 60
343; 13
327; 76
331; 64
349; 3
346; 20
318; 104
333; 64
324; 80
341; 29
329; 80
340; 52
337; 90
348; 10
330; 105
344; 36
354; 19
359; 8
328; 121
355; 37
345; 63
358; 40
356; 36
360; 35
353; 95
357; 57
352; 66
389; 2
379; 40
384; 32
369; 99
371; 129
382; 119
375; 114
387; 52
366; 130
370; 112
409; 34
411; 47
350; 253
367; 165
347; 268
388; 123
399; 124
405; 72
365; 260
372; 220
339; 289
374; 220
392; 218
417; 99
364; 286
380; 217
403; 142
363; 268
407; 104
404; 133
381; 214
408; 153
424; 35
386; 243
391; 214
361; 332
383; 218
396; 247
390; 232
395; 255
362; 337
378; 280
373; 271
401; 242
415; 150
368; 343
377; 320
394; 321
438; 10
428; 49
419; 179
412; 204
393; 266
398; 291
414; 200
385; 297
416; 215
400; 277
351; 471
397; 325
413; 237
420; 135
429; 99
418; 229
425; 94
422; 150
445; 43
448; 44
410; 259
435; 138
449; 48
431; 150
376; 403
421; 196
440; 45
439; 78
450; 47
436; 154
458; 49
406; 351
423; 257
447; 94
446; 85
462; 32
451; 97
434; 164
471; 18
427; 232
474; 28
444; 145
437; 213
455; 129
454; 134
463; 110
465; 56
433; 299
472; 107
476; 56
442; 229
486; 53
461; 184
453; 223
485; 75
492; 36
477; 118
466; 131
452; 229
457; 193
426; 368
432; 348
484; 106
459; 240
402; 579
475; 118
480; 124
460; 243
482; 152
464; 225
456; 278
470; 231
507; 20
483; 167
505; 57
512; 20
511; 39
490; 147
493; 140
494; 163
500; 76
430; 478
488; 166
441; 423
509; 56
487; 166
467; 247
481; 193
510; 84
516; 23
496; 196
479; 244
501; 160
497; 175
443; 422
515; 81
489; 201
514; 84
526; 47
503; 179
519; 85
506; 196
495; 262
533; 32
535; 24
539; 9
513; 170
502; 206
473; 378
532; 117
491; 302
478; 380
469; 487
529; 128
468; 498
498; 289
524; 147
537; 113
528; 159
520; 185
508; 293
504; 287
544; 47
557; 27
553; 48
552; 66
547; 88
556; 62
538; 172
561; 34
542; 151
518; 310
522; 283
545; 184
531; 253
554; 108
525; 296
523; 276
572; 25
571; 18
569; 74
577; 33
555; 162
565; 76
517; 328
548; 226
560; 144
578; 45
576; 48
534; 291
540; 279
567; 131
564; 174
583; 27
536; 332
530; 332
551; 254
559; 229
562; 238
568; 164
586; 117
584; 97
605; 25
549; 360
543; 367
602; 19
575; 188
558; 265
589; 133
550; 369
527; 522
591; 153
587; 178
606; 37
541; 421
595; 119
573; 258
597; 151
521; 555
608; 59
546; 436
610; 38
593; 172
612; 10
600; 157
603; 130
601; 129
499; 733
563; 383
580; 255
581; 234
604; 82
566; 356
585; 206
570; 307
592; 176
616; 4
598; 133
574; 287
599; 148
607; 80
590; 246
594; 183
582; 281
609; 131
619; 25
596; 201
588; 267
579; 262
620; 19
614; 35
615; 18
617; 34
630; 11
628; 5
624; 17
611; 126
613; 67
622; 41
626; 14
625; 28
623; 48
618; 72
627; 45
629; 27
631; 9
633; 7
636; 4
632; 26
638; 9
621; 49
634; 17
635; 18
640; 11
641; 5
650; 2
637; 30
642; 6
649; 7
639; 40
656; 0
647; 25
648; 19
645; 12
652; 14
659; 12
643; 14
651; 21
653; 28
646; 20
654; 4
658; 0
644; 19
655; 5
657; 1
660; 2
668; 2
665; 35
664; 40
662; 19
673; 9
679; 1
678; 5
666; 29
663; 48
661; 43
667; 28
675; 30
669; 16
674; 17
671; 26
670; 27
676; 22
685; 9
672; 38
684; 34
677; 70
697; 46
707; 12
690; 38
680; 72
681; 87
699; 43
703; 43
706; 40
701; 83
694; 104
687; 138
692; 99
702; 106
708; 94
691; 120
717; 29
704; 110
682; 146
720; 28
689; 120
688; 150
716; 88
683; 225
700; 161
715; 127
695; 238
709; 156
693; 205
713; 126
711; 153
718; 127
722; 109
705; 192
714; 124
686; 296
721; 111
732; 24
719; 140
733; 41
728; 117
737; 38
730; 77
739; 62
749; 33
727; 110
723; 123
742; 51
734; 62
725; 150
710; 271
746; 50
729; 129
712; 220
726; 156
744; 64
731; 90
696; 361
698; 367
758; 26
724; 193
738; 94
745; 75
754; 50
743; 108
752; 103
740; 97
741; 112
747; 94
748; 132
760; 51
765; 38
767; 59
764; 33
756; 43
770; 30
735; 190
766; 86
753; 121
763; 109
751; 132
750; 156
776; 39
781; 65
775; 92
769; 115
755; 196
778; 63
762; 189
786; 52
792; 56
757; 219
761; 256
807; 15
790; 92
802; 42
774; 175
783; 117
771; 207
787; 85
773; 155
793; 107
736; 342
797; 33
759; 317
782; 182
804; 60
811; 12
796; 92
798; 79
780; 208
794; 124
789; 144
785; 190
803; 89
799; 98
772; 245
809; 40
813; 58
791; 189
784; 224
768; 328
777; 249
821; 8
805; 145
817; 8
808; 123
812; 111
788; 292
831; 6
779; 299
795; 225
818; 76
826; 36
827; 30
828; 39
820; 51
810; 193
819; 64
822; 80
825; 58
806; 239
814; 165
839; 5
816; 180
801; 275
829; 100
843; 49
837; 44
833; 95
845; 79
834; 89
823; 156
856; 21
838; 90
824; 153
815; 265
848; 111
832; 120
830; 145
800; 352
836; 100
855; 57
847; 91
860; 10
835; 106
854; 59
858; 16
842; 87
850; 105
852; 71
840; 133
865; 2
844; 119
853; 92
851; 97
862; 58
868; 14
849; 178
867; 47
859; 54
871; 32
870; 32
876; 12
864; 98
846; 179
841; 180
863; 68
874; 27
866; 33
877; 12
873; 23
861; 83
857; 105
878; 14
879; 4
872; 61
881; 3
869; 48
883; 1
875; 23
885; 0
880; 1
882; 11
886; 8
884; 6
890; 12
888; 5
892; 2
891; 12
897; 4
901; 2
899; 1
887; 34
893; 14
894; 23
903; 0
896; 7
895; 11
898; 3
889; 34
902; 10
904; 0
908; 8
911; 0
906; 0
912; 0
907; 3
900; 11
909; 7
905; 1
910; 5
918; 2
914; 15
920; 5
915; 21
925; 28
926; 27
922; 43
913; 19
916; 16
923; 27
924; 29
917; 25
919; 46
921; 56
932; 13
929; 12
927; 38
940; 0
942; 0
939; 6
935; 13
938; 20
930; 60
931; 21
928; 38
933; 23
934; 47
941; 3
937; 16
936; 17
943; 4
951; 0
949; 0
952; 0
948; 0
944; 2
950; 9
945; 8
946; 23
960; 5
959; 24
956; 23
955; 27
947; 35
962; 24
971; 20
953; 67
954; 71
961; 68
967; 38
964; 61
958; 81
978; 29
965; 104
979; 21
973; 60
957; 135
983; 27
987; 15
966; 105
974; 51
972; 80
969; 92
976; 90
984; 68
977; 108
998; 7
993; 33
989; 66
997; 32
968; 196
991; 145
963; 240
992; 127
975; 209
985; 170
986; 160
994; 157
999; 95
980; 202
990; 180
1000; 137
995; 211
982; 225
981; 257
988; 243
970; 401
996; 255
1; 0
2; 0
7; 0
3; 0
10; 0
5; 13
13; 15
11; 12
18; 11
14; 56
6; 72
8; 66
20; 13
15; 79
9; 63
4; 87
12; 48
26; 22
29; 12
21; 24
23; 48
17; 43
28; 13
24; 37
30; 11
19; 50
22; 3
31; 5
36; 0
16; 71
27; 13
33; 1
25; 19
42; 0
41; 6
51; 3
34; 35
54; 0
38; 29
43; 16
45; 22
46; 10
37; 66
47; 45
32; 98
35; 84
61; 45
62; 25
57; 66
66; 41
39; 104
52; 57
50; 86
56; 51
60; 59
76; 7
53; 89
44; 131
59; 70
64; 54
65; 86
69; 47
77; 32
63; 116
40; 156
67; 67
49; 178
74; 41
58; 135
55; 160
80; 22
48; 174
78; 57
84; 20
79; 67
68; 99
75; 84
72; 58
86; 14
85; 21
71; 65
89; 0
70; 82
73; 43
88; 11
82; 70
93; 0
83; 60
81; 77
90; 1
87; 8
94; 0
91; 0
92; 3
95; 0
97; 0
96; 3
101; 0
100; 0
98; 0
99; 1
102; 0
103; 0
105; 0
107; 0
104; 0
109; 0
108; 0
106; 0
110; 0
112; 0
118; 18
111; 11
117; 14
113; 8
114; 2
120; 12
122; 6
115; 9
121; 19
116; 6
123; 10
119; 3
124; 7
129; 4
128; 10
126; 11
134; 3
133; 25
142; 18
136; 35
137; 11
130; 57
125; 63
140; 52
144; 33
127; 33
143; 26
131; 64
138; 68
141; 30
139; 26
132; 81
146; 4
145; 25
148; 4
152; 8
135; 67
150; 2
154; 15
147; 32
153; 4
151; 6
157; 3
149; 31
155; 0
156; 8
158; 0
159; 0
160; 3
170; 4
175; 2
164; 13
168; 3
167; 29
169; 34
161; 50
171; 26
166; 74
183; 4
172; 51
174; 43
165; 110
182; 56
191; 28
179; 76
163; 104
193; 13
190; 30
178; 82
176; 90
192; 43
188; 67
184; 48
180; 88
181; 87
187; 70
186; 68
173; 118
162; 159
201; 1
196; 22
203; 36
185; 129
195; 59
189; 110
194; 49
197; 61
199; 51
217; 13
218; 3
198; 64
177; 210
204; 69
212; 45
207; 55
206; 76
214; 88
205; 112
216; 71
226; 48
219; 72
210; 129
209; 130
211; 114
208; 150
222; 112
200; 167
227; 80
225; 62
232; 24
213; 128
215; 144
228; 80
236; 50
202; 219
233; 69
220; 141
229; 43
223; 118
230; 44
224; 113
221; 148
234; 55
231; 87
237; 9
235; 50
240; 4
251; 8
239; 17
252; 16
244; 33
241; 29
245; 45
238; 39
249; 13
246; 9
242; 29
253; 6
256; 9
257; 0
243; 23
248; 9
247; 11
255; 3
250; 15
254; 5
258; 0
260; 0
259; 0
263; 0
262; 0
261; 0
266; 0
265; 0
264; 4
267; 4
271; 7
268; 18
285; 4
275; 42
286; 14
278; 47
269; 50
273; 37
270; 41
274; 49
276; 42
277; 66
281; 56
282; 46
279; 92
272; 81
290; 38
283; 48
292; 9
298; 10
293; 20
287; 54
295; 26
289; 36
291; 35
284; 44
280; 73
294; 6
300; 0
288; 50
299; 11
301; 1
297; 13
296; 22
304; 0
312; 12
308; 24
307; 0
302; 20
309; 11
305; 29
313; 26
318; 13
322; 14
314; 28
310; 23
320; 22
323; 23
321; 9
329; 3
306; 51
303; 74
319; 21
311; 48
326; 7
324; 34
315; 29
316; 60
330; 14
333; 29
331; 34
335; 22
317; 79
332; 22
328; 34
336; 28
325; 75
339; 18
338; 20
344; 10
351; 1
327; 53
337; 52
347; 2
340; 18
352; 5
341; 16
354; 6
334; 41
343; 25
346; 14
348; 13
342; 35
349; 3
355; 2
345; 23
350; 18
353; 11
357; 19
358; 9
359; 4
356; 25
363; 9
360; 11
361; 4
362; 3
364; 1
365; 2
367; 0
366; 1
368; 0
370; 0
375; 12
369; 8
378; 8
376; 10
379; 11
372; 45
373; 33
371; 36
384; 8
377; 18
385; 18
389; 13
383; 26
374; 91
386; 28
381; 58
382; 62
387; 23
390; 14
380; 88
392; 16
394; 3
396; 7
391; 26
393; 19
395; 6
398; 3
401; 7
388; 47
407; 2
400; 3
399; 2
406; 2
404; 4
402; 6
397; 20
410; 9
403; 15
412; 1
415; 5
405; 21
409; 12
408; 5
413; 3
416; 6
411; 4
414; 2
417; 2
421; 0
419; 0
418; 0
422; 0
420; 1
426; 0
424; 0
427; 0
425; 0
430; 7
423; 14
429; 1
435; 3
431; 13
428; 12
432; 16
441; 1
442; 7
434; 8
437; 6
433; 8
439; 3
444; 2
436; 17
438; 12
440; 3
443; 0
446; 0
445; 1
452; 19
447; 27
453; 11
454; 6
455; 27
451; 33
458; 17
449; 25
456; 26
448; 54
457; 24
460; 23
464; 11
466; 21
467; 13
450; 47
461; 21
459; 40
462; 16
469; 12
463; 8
471; 7
470; 4
468; 9
465; 24
473; 16
476; 34
475; 21
478; 32
474; 30
472; 16
481; 5
486; 1
479; 9
477; 21
480; 14
484; 14
488; 5
487; 6
483; 4
482; 6
485; 18
492; 0
490; 2
489; 5
491; 8
497; 6
496; 2
498; 0
494; 0
495; 2
493; 4
499; 0
500; 1
503; 15
509; 6
504; 8
508; 14
510; 27
501; 36
507; 39
521; 48
519; 68
502; 105
511; 67
517; 69
520; 93
512; 67
526; 42
535; 1
522; 36
514; 78
532; 25
527; 50
533; 21
515; 103
523; 95
505; 110
518; 124
513; 72
538; 0
540; 1
529; 34
525; 64
536; 11
528; 52
530; 37
516; 97
539; 7
534; 36
506; 133
537; 30
531; 55
547; 16
542; 2
544; 8
541; 2
524; 112
546; 9
543; 23
548; 13
549; 5
552; 2
545; 8
550; 0
554; 0
551; 1
553; 6
561; 2
557; 2
556; 6
560; 9
562; 1
559; 0
558; 1
565; 0
563; 1
555; 12
564; 2
566; 0
567; 0
569; 0
568; 0
571; 0
570; 0
576; 0
582; 4
584; 5
577; 0
585; 1
574; 25
579; 19
572; 26
575; 10
580; 33
578; 28
573; 32
588; 12
581; 15
583; 47
589; 22
597; 8
602; 1
587; 6
586; 48
595; 52
601; 11
592; 44
594; 42
598; 18
609; 0
591; 47
603; 23
596; 17
599; 27
600; 8
590; 56
605; 17
593; 72
606; 35
604; 12
610; 27
611; 9
612; 17
608; 41
613; 28
607; 47
617; 21
624; 10
622; 19
619; 35
630; 6
620; 24
614; 61
631; 21
615; 50
616; 56
633; 28
623; 39
640; 12
639; 20
627; 24
618; 97
632; 34
625; 17
644; 13
634; 36
621; 79
629; 79
646; 14
647; 3
652; 14
645; 50
649; 36
626; 119
664; 22
658; 28
636; 143
648; 79
637; 126
650; 91
657; 96
670; 19
638; 124
660; 42
656; 95
655; 106
635; 198
665; 48
628; 214
654; 146
659; 101
641; 169
674; 34
668; 69
681; 33
653; 155
676; 18
669; 61
643; 191
677; 61
667; 78
684; 25
680; 43
642; 202
679; 61
672; 123
683; 25
662; 143
685; 14
671; 99
686; 15
673; 116
687; 19
675; 97
663; 184
651; 230
661; 222
678; 117
689; 36
697; 46
692; 40
699; 23
700; 51
693; 47
696; 79
688; 59
704; 11
694; 31
703; 15
698; 56
701; 15
695; 44
691; 89
702; 9
690; 78
682; 172
705; 20
666; 246
706; 18
708; 7
712; 38
707; 45
713; 32
717; 27
710; 49
720; 24
711; 50
709; 43
728; 17
725; 55
733; 1
732; 11
718; 43
715; 51
724; 16
727; 38
714; 99
726; 60
722; 53
729; 39
721; 72
734; 4
737; 0
740; 2
719; 65
716; 90
739; 2
731; 36
723; 75
743; 11
745; 11
736; 9
738; 23
741; 9
746; 8
730; 37
742; 19
735; 5
748; 0
751; 2
744; 14
755; 0
756; 5
759; 1
752; 4
750; 11
749; 3
754; 26
747; 30
761; 0
757; 5
758; 3
753; 5
762; 2
769; 3
768; 16
765; 2
760; 21
763; 24
770; 6
766; 1
772; 2
771; 2
764; 10
773; 2
767; 24
776; 0
774; 2
775; 3
778; 6
781; 5
779; 5
777; 7
787; 0
780; 10
783; 51
790; 24
788; 23
795; 18
789; 46
791; 66
800; 39
792; 96
782; 113
785; 97
808; 32
798; 62
805; 35
793; 80
794; 75
784; 124
796; 104
806; 32
802; 102
809; 64
797; 88
815; 26
812; 59
810; 71
786; 176
799; 93
817; 26
816; 43
801; 140
823; 1
822; 12
813; 53
818; 29
821; 12
807; 149
803; 108
804; 157
814; 64
827; 0
811; 77
824; 3
819; 15
826; 1
829; 0
820; 28
825; 8
828; 0
831; 0
832; 0
833; 0
835; 0
834; 0
838; 0
837; 8
844; 5
846; 2
836; 11
840; 16
845; 3
842; 2
830; 9
847; 0
843; 0
839; 0
841; 1
849; 0
850; 0
848; 1
854; 0
851; 0
856; 0
852; 0
853; 0
855; 0
859; 0
858; 0
857; 0
860; 0
863; 0
862; 0
864; 0
865; 2
861; 0
870; 2
866; 0
868; 0
869; 0
867; 0
871; 0
874; 0
875; 5
872; 15
876; 3
873; 5
885; 4
880; 10
881; 16
879; 12
882; 11
877; 7
878; 0
888; 2
892; 9
893; 5
890; 5
895; 9
884; 22
887; 21
894; 7
889; 22
896; 26
909; 20
904; 26
886; 49
906; 49
900; 26
883; 104
903; 42
912; 64
916; 29
905; 82
921; 41
919; 60
899; 86
891; 114
913; 62
917; 62
928; 33
897; 155
920; 73
922; 56
936; 21
902; 173
934; 25
915; 138
901; 140
926; 36
925; 87
907; 159
911; 135
938; 14
939; 7
910; 148
924; 99
931; 86
923; 147
898; 168
932; 74
930; 86
942; 33
914; 175
927; 108
937; 47
908; 176
918; 173
933; 56
929; 106
945; 4
946; 12
935; 76
940; 37
943; 28
941; 22
944; 36
947; 8
950; 0
948; 0
956; 4
954; 3
949; 9
957; 1
952; 20
961; 8
958; 6
959; 34
968; 5
955; 45
953; 70
951; 57
966; 26
960; 35
967; 24
963; 37
970; 32
962; 45
969; 23
971; 32
964; 60
973; 26
972; 26
976; 19
978; 34
977; 31
982; 9
965; 111
987; 10
988; 5
974; 68
989; 5
991; 2
984; 4
979; 35
993; 17
990; 36
981; 39
980; 60
992; 34
1000; 7
975; 123
986; 60
983; 55
994; 48
997; 40
995; 18
996; 29
985; 67
998; 58
999; 20
1; 0
2; 0
3; 5
4; 2
12; 7
6; 12
8; 1
11; 1
7; 3
5; 9
10; 12
9; 9
13; 1
14; 0
17; 0
18; 0
15; 0
16; 0
20; 5
23; 2
21; 8
25; 8
26; 0
19; 27
24; 9
27; 21
30; 43
32; 19
29; 15
34; 17
22; 60
39; 14
28; 47
36; 14
33; 20
40; 15
38; 19
37; 4
45; 0
31; 29
43; 3
41; 0
42; 9
35; 21
46; 0
44; 0
47; 0
48; 2
50; 7
55; 3
52; 0
49; 0
53; 0
58; 0
60; 0
57; 0
51; 16
54; 4
63; 0
56; 1
59; 0
68; 3
66; 6
70; 3
61; 0
65; 12
64; 11
73; 3
67; 32
78; 29
76; 24
69; 32
82; 17
75; 20
84; 20
71; 51
72; 72
79; 63
62; 91
80; 42
81; 50
83; 47
86; 25
74; 82
87; 32
77; 72
101; 4
85; 65
113; 0
103; 15
107; 21
95; 37
97; 38
100; 41
106; 44
94; 50
96; 45
98; 20
89; 50
91; 48
88; 55
111; 10
92; 86
115; 46
93; 51
110; 27
102; 61
109; 64
104; 65
108; 30
90; 75
119; 2
117; 16
116; 9
112; 41
105; 84
99; 94
120; 0
118; 5
114; 50
121; 0
126; 22
135; 21
127; 1
123; 23
134; 13
124; 7
125; 38
140; 9
133; 37
130; 37
131; 51
136; 26
137; 5
129; 48
122; 57
143; 15
141; 10
132; 44
139; 12
146; 16
142; 22
138; 44
128; 89
145; 13
151; 3
150; 1
148; 0
149; 0
152; 0
147; 7
144; 35
154; 0
153; 0
165; 0
159; 8
160; 19
161; 14
155; 40
157; 22
167; 12
156; 59
170; 7
166; 19
158; 47
168; 35
162; 45
169; 57
186; 4
174; 51
163; 57
175; 61
176; 34
173; 43
180; 37
172; 91
164; 145
181; 81
183; 58
193; 61
178; 109
202; 37
201; 69
177; 154
190; 87
194; 77
187; 73
211; 55
195; 78
219; 19
198; 137
171; 203
182; 173
185; 119
215; 48
208; 58
191; 156
203; 86
217; 67
209; 105
218; 64
214; 99
205; 114
196; 139
210; 121
197; 187
225; 27
204; 147
200; 129
220; 91
192; 203
199; 168
184; 198
188; 193
189; 192
207; 148
213; 126
216; 99
226; 23
212; 137
179; 256
206; 172
230; 2
223; 33
224; 20
227; 10
231; 16
221; 31
222; 46
237; 2
229; 2
235; 0
238; 1
236; 17
228; 26
234; 24
239; 1
233; 34
241; 20
232; 47
240; 50
246; 18
242; 13
244; 14
243; 19
248; 20
251; 0
245; 23
256; 2
252; 1
247; 25
249; 3
254; 0
257; 3
259; 11
253; 14
262; 0
250; 13
260; 9
263; 1
258; 10
255; 11
266; 0
264; 0
268; 0
265; 1
267; 0
261; 2
269; 0
274; 0
272; 2
279; 20
278; 4
271; 8
275; 12
273; 8
276; 9
285; 13
288; 9
281; 26
284; 23
289; 14
283; 41
293; 15
270; 94
280; 58
282; 38
286; 32
277; 88
291; 29
295; 23
287; 39
296; 19
294; 27
290; 12
292; 19
302; 0
297; 17
305; 0
299; 14
307; 27
303; 26
311; 18
306; 39
308; 45
310; 40
300; 79
298; 70
313; 55
317; 21
318; 40
312; 61
304; 75
301; 84
309; 78
314; 32
320; 5
316; 63
324; 0
319; 43
322; 27
315; 42
325; 5
328; 0
321; 12
326; 7
323; 19
329; 5
336; 59
331; 15
347; 14
345; 39
337; 38
327; 57
341; 37
350; 50
354; 58
361; 52
351; 74
364; 44
338; 105
363; 49
348; 76
330; 147
349; 109
362; 68
370; 41
352; 127
372; 33
335; 131
367; 74
360; 131
343; 175
359; 88
333; 185
340; 193
344; 195
366; 87
339; 177
353; 150
381; 50
346; 211
368; 121
358; 199
355; 203
388; 37
379; 80
386; 79
365; 190
384; 60
342; 267
374; 134
332; 317
397; 42
373; 187
399; 58
357; 328
375; 190
403; 71
413; 67
334; 432
389; 184
401; 147
404; 114
376; 275
409; 99
428; 36
387; 253
356; 443
396; 184
400; 183
418; 84
378; 371
402; 194
407; 182
419; 170
369; 440
434; 60
436; 67
382; 333
411; 188
408; 214
371; 414
414; 208
383; 400
410; 235
385; 338
395; 250
441; 50
438; 82
422; 156
427; 119
377; 441
425; 170
430; 152
416; 207
415; 208
391; 353
426; 183
392; 355
442; 87
450; 14
444; 58
423; 196
398; 394
459; 26
446; 127
445; 115
454; 30
424; 266
380; 507
420; 291
443; 109
448; 76
440; 133
412; 384
406; 406
449; 121
390; 459
417; 348
431; 225
456; 72
467; 27
462; 45
432; 255
461; 84
435; 281
421; 374
394; 467
429; 339
433; 306
453; 140
464; 61
451; 171
463; 81
471; 61
468; 49
452; 264
405; 562
484; 4
460; 163
439; 362
466; 143
472; 122
437; 346
481; 40
458; 182
479; 49
477; 68
447; 296
480; 68
498; 6
465; 202
470; 141
478; 120
483; 82
501; 17
393; 730
474; 177
455; 316
487; 107
491; 101
496; 110
508; 43
475; 240
503; 94
500; 129
502; 132
469; 294
485; 173
495; 146
493; 123
490; 140
513; 55
523; 1
522; 29
473; 322
494; 186
499; 164
488; 235
497; 187
492; 234
457; 434
534; 16
530; 77
515; 132
512; 128
476; 381
527; 74
489; 306
505; 262
486; 325
539; 9
510; 250
524; 142
525; 109
529; 95
504; 305
518; 187
514; 182
509; 273
535; 76
531; 107
540; 66
528; 168
517; 221
520; 167
536; 89
544; 22
545; 10
551; 13
506; 340
519; 248
511; 218
532; 133
521; 178
533; 128
482; 435
507; 331
542; 56
561; 39
550; 50
562; 26
552; 34
555; 52
516; 264
538; 131
546; 91
564; 24
567; 15
543; 92
554; 44
526; 223
560; 78
553; 70
548; 132
558; 102
547; 98
559; 103
565; 58
557; 109
581; 3
568; 73
579; 26
582; 27
549; 153
587; 14
563; 127
585; 22
573; 84
575; 21
583; 50
541; 259
590; 2
570; 105
571; 95
596; 31
569; 145
600; 29
602; 29
537; 302
556; 249
599; 27
612; 11
580; 122
603; 53
578; 157
601; 101
576; 160
584; 149
574; 196
614; 69
623; 58
627; 42
577; 197
629; 80
598; 164
572; 288
628; 79
616; 84
631; 98
588; 212
624; 103
613; 162
620; 155
635; 98
634; 100
594; 216
617; 170
626; 82
586; 236
645; 23
595; 219
592; 222
607; 193
630; 142
604; 226
652; 31
646; 56
566; 383
611; 255
593; 319
609; 271
643; 124
618; 255
597; 310
606; 299
633; 172
605; 318
625; 244
622; 287
636; 215
638; 210
650; 107
647; 150
653; 123
671; 29
642; 192
663; 79
591; 424
610; 383
651; 150
639; 256
678; 10
660; 117
661; 137
649; 202
681; 26
683; 19
632; 379
641; 316
589; 514
665; 132
619; 416
666; 121
668; 109
615; 407
644; 294
654; 168
664; 115
648; 220
621; 406
667; 94
674; 104
669; 144
662; 197
673; 128
693; 20
670; 92
687; 65
689; 10
640; 327
682; 72
677; 77
684; 52
656; 267
680; 87
686; 46
672; 133
679; 86
694; 14
685; 69
637; 385
659; 214
695; 28
608; 520
655; 325
692; 66
691; 64
658; 238
657; 314
675; 148
708; 8
701; 58
676; 201
705; 35
713; 23
698; 83
697; 95
710; 63
706; 59
690; 184
700; 101
711; 88
731; 31
719; 76
717; 132
736; 32
696; 160
712; 99
724; 55
725; 72
732; 46
704; 148
734; 62
718; 95
723; 129
730; 81
716; 149
722; 106
721; 148
742; 25
726; 128
727; 132
688; 322
714; 150
751; 3
702; 265
733; 189
741; 104
709; 295
738; 152
703; 273
746; 56
728; 212
760; 26
699; 329
759; 45
747; 142
757; 111
761; 92
766; 59
772; 43
748; 100
707; 336
715; 302
739; 247
754; 137
779; 23
753; 182
774; 29
771; 46
743; 193
768; 110
758; 109
740; 221
729; 289
769; 130
749; 188
752; 169
750; 190
785; 28
737; 313
735; 296
720; 403
756; 177
770; 131
776; 89
782; 31
767; 108
745; 218
773; 109
764; 149
744; 241
789; 18
755; 212
781; 78
775; 143
788; 28
777; 93
786; 52
799; 2
765; 187
780; 104
792; 22
783; 86
803; 17
798; 7
801; 31
778; 142
791; 57
787; 79
762; 234
811; 19
805; 33
821; 12
797; 80
784; 180
793; 79
807; 50
808; 56
806; 116
800; 117
820; 55
830; 6
819; 84
813; 108
817; 91
794; 165
790; 165
818; 102
824; 43
812; 140
795; 142
804; 144
796; 213
827; 83
838; 54
832; 74
828; 72
802; 238
843; 30
815; 189
822; 151
825; 131
835; 81
814; 222
850; 28
763; 516
845; 37
852; 5
816; 209
836; 104
837; 96
846; 26
841; 111
840; 92
859; 0
849; 38
839; 111
834; 146
823; 201
810; 272
844; 96
856; 13
826; 200
809; 276
847; 53
848; 38
829; 139
853; 45
842; 96
833; 148
831; 185
851; 58
862; 6
858; 22
857; 28
863; 4
861; 15
860; 29
855; 32
854; 61
868; 1
865; 16
871; 5
873; 2
866; 27
876; 2
869; 18
870; 9
874; 9
867; 25
877; 6
864; 72
875; 2
878; 3
881; 0
879; 0
872; 21
883; 0
880; 4
884; 3
885; 7
882; 7
891; 3
889; 25
894; 8
887; 22
886; 22
899; 3
890; 21
888; 45
896; 16
893; 21
895; 28
902; 3
906; 2
903; 4
904; 22
909; 4
897; 15
901; 7
908; 27
892; 49
917; 2
913; 37
915; 16
907; 35
900; 47
898; 76
905; 41
911; 9
918; 18
919; 7
924; 0
910; 28
912; 37
914; 35
920; 7
936; 1
925; 23
931; 7
928; 29
923; 33
922; 28
935; 13
929; 17
916; 52
921; 31
930; 4
934; 16
926; 31
939; 33
937; 22
945; 8
933; 46
938; 37
932; 46
940; 10
943; 28
947; 29
927; 65
941; 29
942; 36
944; 33
948; 14
950; 12
946; 25
952; 8
951; 15
949; 30
953; 4
954; 4
960; 3
955; 5
956; 0
958; 0
959; 5
957; 0
961; 0
966; 0
962; 0
965; 0
963; 0
968; 0
964; 6
969; 4
974; 6
972; 16
975; 6
976; 14
970; 8
973; 14
971; 9
977; 0
967; 8
983; 3
979; 1
980; 2
978; 1
982; 0
981; 1
988; 2
990; 1
991; 3
985; 2
989; 3
997; 0
987; 10
986; 16
984; 5
994; 30
993; 7
995; 10
999; 6
992; 20
996; 3
1000; 21
998; 13
1; 0
3; 0
2; 0
4; 0
5; 2
7; 0
10; 0
6; 1
12; 0
9; 1
11; 1
8; 3
14; 0
16; 1
13; 1
17; 2
15; 0
19; 0
18; 4
25; 11
27; 4
24; 27
22; 5
20; 7
21; 2
23; 0
26; 18
29; 0
31; 2
35; 24
28; 28
30; 23
40; 17
42; 11
34; 22
41; 14
36; 34
33; 45
32; 43
37; 24
38; 24
39; 50
43; 1
46; 2
48; 0
45; 5
50; 4
47; 3
51; 2
49; 0
56; 0
53; 32
44; 32
58; 7
59; 7
54; 3
61; 17
55; 15
60; 2
62; 12
65; 9
67; 1
57; 29
68; 1
69; 11
63; 8
52; 43
66; 20
64; 29
70; 13
74; 10
75; 4
76; 34
78; 8
71; 46
73; 32
94; 10
81; 42
86; 54
80; 52
89; 64
87; 70
93; 14
84; 104
83; 60
85; 79
97; 33
79; 88
95; 60
82; 88
77; 79
98; 35
91; 71
100; 30
101; 17
88; 61
72; 116
103; 29
92; 103
102; 15
99; 30
96; 43
90; 64
105; 0
107; 0
104; 14
106; 0
110; 2
109; 10
108; 2
112; 0
111; 0
114; 0
118; 0
115; 0
113; 0
121; 13
128; 18
116; 35
117; 40
127; 10
122; 4
124; 12
119; 42
123; 50
140; 11
133; 8
143; 12
120; 60
126; 42
125; 94
139; 16
136; 34
134; 15
132; 54
129; 56
147; 0
137; 85
141; 57
138; 83
135; 73
151; 17
131; 126
149; 27
157; 26
146; 56
154; 34
130; 130
155; 61
169; 20
150; 102
153; 118
160; 70
163; 87
165; 67
174; 1
144; 154
145; 182
159; 117
148; 128
173; 34
175; 26
171; 33
162; 80
164; 106
158; 104
166; 112
161; 109
156; 176
181; 47
178; 111
188; 34
142; 286
179; 114
177; 127
168; 149
199; 33
176; 149
172; 203
195; 65
182; 163
196; 114
204; 64
194; 113
201; 116
184; 169
203; 107
192; 167
198; 127
183; 210
211; 108
152; 432
189; 186
193; 159
202; 140
185; 224
167; 319
191; 180
190; 206
200; 162
206; 161
217; 39
212; 124
180; 272
208; 116
207; 142
187; 213
221; 19
213; 110
225; 45
186; 274
209; 177
214; 140
210; 179
220; 73
245; 13
222; 60
229; 45
226; 68
234; 42
227; 64
216; 170
231; 45
215; 166
244; 36
239; 57
240; 83
236; 96
243; 51
223; 148
170; 470
237; 76
249; 25
242; 71
248; 83
247; 74
224; 134
238; 126
260; 16
253; 48
205; 365
233; 151
263; 34
218; 283
197; 406
228; 172
258; 44
219; 227
232; 208
267; 24
254; 119
252; 94
259; 94
241; 187
246; 177
265; 67
230; 249
268; 16
255; 149
250; 133
271; 69
256; 146
280; 34
274; 43
264; 112
257; 177
276; 67
261; 155
266; 113
235; 295
286; 35
295; 18
282; 103
273; 124
284; 98
279; 74
278; 63
270; 142
290; 29
251; 265
283; 100
292; 45
269; 191
288; 90
275; 121
287; 69
303; 12
277; 113
289; 90
272; 179
294; 75
298; 41
262; 249
285; 134
281; 177
299; 51
311; 10
300; 73
309; 38
312; 37
305; 65
296; 98
310; 62
308; 60
304; 94
301; 87
313; 54
322; 24
315; 41
314; 22
317; 36
293; 117
297; 99
320; 29
325; 25
319; 44
302; 103
327; 8
291; 154
321; 53
326; 68
333; 42
318; 64
336; 31
330; 33
331; 67
337; 18
306; 165
307; 191
329; 50
324; 62
323; 75
332; 39
342; 12
339; 46
347; 14
328; 70
334; 84
335; 102
316; 207
340; 54
338; 88
344; 50
359; 20
350; 76
349; 65
354; 35
341; 91
348; 59
358; 29
343; 85
368; 7
356; 71
360; 86
345; 160
366; 76
363; 79
367; 26
362; 78
365; 44
355; 102
353; 125
371; 23
352; 178
377; 5
372; 69
361; 109
346; 187
384; 10
364; 114
369; 113
357; 185
373; 76
374; 77
378; 28
351; 204
376; 57
383; 29
386; 19
370; 94
382; 65
385; 17
390; 25
379; 84
381; 35
375; 77
395; 10
391; 17
380; 82
392; 31
394; 12
387; 40
393; 18
389; 38
398; 25
402; 14
397; 3
388; 45
396; 10
399; 12
400; 15
401; 9
409; 0
403; 5
405; 6
407; 16
417; 2
410; 15
416; 7
412; 5
404; 7
408; 4
415; 8
406; 16
422; 17
428; 24
418; 22
421; 29
411; 76
420; 35
429; 57
419; 67
413; 78
440; 11
425; 76
424; 82
444; 10
414; 118
436; 56
433; 51
427; 75
446; 20
437; 69
447; 3
430; 78
435; 68
438; 40
431; 92
426; 98
442; 48
432; 102
441; 21
445; 10
434; 55
449; 16
443; 66
423; 160
439; 69
450; 23
459; 6
448; 44
456; 12
453; 5
458; 9
454; 33
452; 7
455; 23
461; 4
468; 0
462; 20
451; 20
464; 15
467; 17
457; 23
463; 27
460; 16
465; 20
466; 14
470; 19
473; 4
475; 5
469; 33
479; 15
471; 23
478; 21
474; 25
480; 32
483; 9
476; 12
472; 47
487; 0
482; 3
481; 24
489; 0
477; 32
486; 6
492; 0
491; 5
490; 13
495; 5
505; 23
485; 35
493; 47
484; 51
508; 21
497; 16
514; 16
509; 22
516; 8
504; 31
496; 57
507; 64
515; 18
511; 71
488; 101
506; 90
500; 157
503; 111
521; 80
517; 79
519; 66
494; 136
498; 167
512; 101
501; 144
526; 69
502; 179
513; 103
518; 116
510; 142
499; 182
527; 88
525; 75
530; 40
528; 64
531; 60
520; 113
524; 134
529; 116
548; 15
534; 69
544; 47
536; 67
522; 181
546; 7
532; 100
551; 11
533; 135
538; 127
541; 101
537; 123
543; 131
562; 22
556; 81
523; 270
554; 106
540; 181
581; 56
552; 127
555; 120
561; 110
588; 30
579; 61
590; 33
557; 116
577; 82
539; 287
547; 227
567; 156
549; 207
565; 132
575; 151
591; 62
550; 224
560; 193
535; 342
583; 105
587; 106
553; 248
572; 203
570; 191
566; 179
593; 60
597; 57
574; 182
559; 222
569; 218
585; 171
571; 227
576; 200
573; 193
578; 210
558; 272
582; 244
598; 93
564; 207
602; 54
599; 111
545; 375
568; 279
601; 64
616; 7
563; 352
592; 214
600; 108
595; 183
596; 156
594; 188
542; 455
621; 43
610; 87
586; 262
620; 22
609; 84
622; 50
625; 18
608; 88
629; 9
606; 115
617; 62
584; 336
603; 118
589; 303
607; 108
605; 127
632; 23
626; 43
628; 42
634; 18
631; 12
618; 76
624; 41
635; 22
614; 143
633; 44
580; 329
639; 18
615; 133
642; 10
637; 36
611; 159
619; 145
604; 256
627; 94
644; 51
613; 156
612; 252
641; 92
645; 34
651; 37
636; 96
655; 11
623; 182
664; 3
648; 51
652; 47
643; 113
661; 23
658; 58
659; 73
667; 26
663; 37
630; 271
638; 163
649; 151
677; 18
669; 58
646; 165
668; 41
656; 113
683; 1
653; 119
647; 169
657; 89
654; 89
671; 53
684; 11
650; 145
640; 229
666; 118
678; 28
672; 99
665; 132
681; 36
674; 71
660; 159
680; 52
686; 35
662; 151
670; 122
682; 55
685; 53
679; 67
675; 104
692; 15
695; 36
696; 15
690; 18
694; 37
702; 5
693; 36
687; 58
676; 175
705; 19
689; 80
697; 83
698; 74
704; 59
703; 34
691; 118
699; 100
688; 140
714; 41
709; 39
673; 241
715; 15
710; 45
711; 27
706; 110
701; 91
717; 21
707; 79
718; 28
719; 11
708; 62
712; 49
716; 41
700; 90
720; 4
721; 3
722; 4
713; 58
724; 1
725; 0
723; 9
729; 0
728; 0
727; 0
730; 1
731; 2
726; 10
736; 6
732; 1
735; 14
737; 1
742; 0
738; 4
741; 0
733; 4
734; 5
740; 5
744; 7
739; 0
750; 3
760; 22
755; 31
743; 45
752; 50
758; 57
748; 38
745; 68
756; 30
747; 53
749; 69
765; 29
746; 77
757; 47
762; 55
769; 1
751; 53
764; 42
763; 55
754; 84
759; 58
770; 5
753; 88
768; 11
767; 11
766; 51
761; 56
775; 0
778; 0
774; 7
777; 0
772; 21
771; 0
773; 11
782; 0
781; 1
776; 0
780; 0
787; 16
779; 11
786; 6
789; 15
785; 2
788; 15
792; 19
796; 17
793; 35
783; 51
791; 33
795; 8
800; 0
797; 1
798; 0
790; 29
794; 1
799; 2
804; 5
784; 48
801; 11
806; 3
807; 4
803; 9
810; 0
802; 0
805; 10
809; 13
813; 3
814; 34
812; 26
818; 11
815; 27
811; 43
819; 10
824; 2
816; 6
822; 30
808; 76
826; 2
823; 9
825; 10
820; 32
817; 30
829; 4
827; 4
828; 0
833; 4
821; 21
831; 0
830; 2
834; 2
835; 0
842; 6
838; 14
840; 36
846; 16
832; 48
850; 59
839; 50
843; 42
841; 73
861; 29
851; 35
853; 55
836; 124
849; 90
844; 61
862; 28
864; 48
848; 123
845; 99
865; 41
868; 20
857; 90
866; 32
854; 84
872; 12
855; 98
852; 111
874; 0
856; 93
875; 0
859; 105
871; 2
847; 110
873; 9
837; 137
863; 59
858; 84
869; 34
870; 18
860; 82
867; 77
880; 11
877; 2
884; 2
883; 31
876; 24
881; 29
885; 13
891; 17
886; 14
878; 28
882; 37
879; 22
888; 19
890; 18
887; 13
892; 8
893; 23
895; 1
894; 11
897; 3
889; 52
896; 1
899; 4
898; 2
903; 5
906; 3
910; 0
900; 2
901; 9
905; 8
902; 8
904; 11
914; 2
915; 1
913; 6
912; 14
907; 9
908; 17
909; 3
917; 3
916; 9
918; 0
911; 23
920; 2
921; 4
925; 1
922; 5
919; 8
923; 0
924; 1
928; 3
926; 0
929; 2
938; 10
933; 10
927; 9
932; 0
937; 4
936; 3
931; 15
934; 8
935; 10
939; 1
930; 3
941; 8
945; 1
944; 4
942; 9
946; 29
940; 37
943; 38
947; 28
952; 36
954; 21
950; 10
953; 34
948; 65
957; 26
955; 27
958; 32
956; 21
949; 73
959; 26
960; 8
951; 57
961; 22
976; 9
966; 12
962; 88
963; 54
965; 47
971; 62
979; 48
969; 60
982; 9
968; 62
973; 52
978; 62
967; 81
981; 54
989; 44
975; 87
964; 108
972; 96
970; 87
990; 53
992; 34
993; 58
986; 102
985; 100
987; 87
977; 115
974; 156
988; 190
991; 132
998; 79
984; 178
983; 213
997; 84
995; 106
994; 149
996; 199
980; 374
1000; 281
999; 294
1; 0
3; 0
2; 2
8; 0
4; 2
9; 4
7; 6
6; 3
16; 5
10; 14
18; 4
5; 25
15; 19
13; 11
19; 1
22; 11
11; 26
12; 14
28; 24
25; 11
17; 37
21; 12
20; 23
32; 7
33; 11
34; 1
14; 43
23; 4
29; 26
37; 0
30; 9
26; 24
38; 0
31; 4
24; 36
27; 47
39; 0
35; 1
42; 0
40; 1
36; 0
48; 1
44; 3
41; 3
52; 3
43; 26
46; 12
45; 6
47; 9
51; 16
55; 0
57; 3
50; 26
54; 2
61; 0
49; 15
58; 0
59; 0
53; 14
60; 1
64; 2
62; 4
56; 0
70; 0
63; 0
66; 8
68; 4
69; 0
65; 2
77; 2
74; 0
67; 2
72; 1
76; 15
81; 21
78; 19
75; 55
82; 18
73; 41
85; 25
91; 23
96; 3
94; 10
79; 62
83; 49
71; 81
89; 33
93; 29
84; 51
80; 59
86; 40
90; 13
88; 52
97; 2
92; 65
99; 20
87; 55
102; 5
95; 59
98; 21
105; 20
101; 22
119; 5
109; 19
108; 69
120; 20
123; 10
106; 84
115; 35
111; 67
104; 73
100; 132
126; 28
112; 67
124; 19
116; 55
127; 17
107; 73
129; 24
110; 111
114; 108
103; 158
117; 100
134; 34
132; 27
143; 13
122; 121
145; 3
139; 23
128; 68
113; 159
135; 35
131; 36
130; 92
142; 30
152; 6
144; 35
137; 87
136; 96
121; 162
140; 37
138; 68
118; 188
153; 22
141; 46
154; 17
133; 85
125; 151
155; 1
151; 28
147; 32
146; 27
149; 11
148; 36
150; 38
157; 5
169; 8
158; 22
156; 25
159; 14
164; 16
163; 27
170; 8
165; 38
171; 11
177; 13
161; 51
162; 36
176; 15
160; 45
167; 61
182; 25
166; 112
186; 47
187; 57
195; 12
175; 69
191; 42
184; 46
181; 56
178; 44
180; 50
198; 21
172; 131
193; 29
173; 88
192; 33
174; 133
200; 55
183; 122
209; 15
179; 133
207; 31
168; 200
189; 126
204; 38
205; 48
190; 114
211; 32
202; 78
208; 47
194; 121
213; 8
219; 17
201; 97
212; 69
203; 79
215; 40
214; 38
196; 136
199; 101
185; 244
221; 51
235; 19
223; 52
216; 102
197; 194
210; 101
227; 73
239; 22
230; 37
188; 236
206; 167
225; 97
244; 35
217; 77
251; 21
243; 66
236; 74
237; 70
218; 146
232; 96
234; 111
222; 157
255; 20
238; 111
253; 42
245; 104
231; 139
247; 136
258; 26
241; 145
254; 23
220; 200
233; 132
226; 221
248; 131
264; 46
240; 201
271; 62
229; 274
262; 76
224; 271
269; 105
279; 56
281; 64
256; 156
260; 148
249; 240
292; 52
283; 84
278; 112
285; 102
250; 277
259; 229
246; 281
276; 163
293; 91
265; 211
270; 142
268; 165
252; 296
266; 192
295; 36
287; 97
277; 195
263; 252
305; 1
267; 188
257; 266
288; 165
228; 430
280; 175
242; 383
298; 74
289; 174
299; 94
275; 262
284; 198
286; 184
290; 147
300; 67
296; 123
304; 68
306; 50
312; 14
302; 70
308; 49
323; 13
294; 148
301; 63
326; 31
272; 244
282; 268
273; 284
310; 96
315; 54
313; 78
322; 39
309; 102
317; 84
330; 35
303; 119
291; 225
274; 330
311; 119
316; 98
319; 59
325; 94
261; 402
297; 200
328; 83
336; 22
348; 19
327; 112
335; 40
337; 21
321; 123
320; 110
318; 134
314; 182
351; 49
333; 110
341; 65
355; 4
343; 53
307; 237
357; 7
338; 118
339; 83
349; 53
331; 112
358; 26
332; 117
362; 13
324; 196
334; 128
340; 96
342; 97
352; 47
353; 88
350; 107
344; 109
346; 73
329; 201
359; 45
354; 95
360; 55
366; 5
347; 108
361; 69
363; 31
356; 63
367; 3
372; 0
365; 19
364; 12
370; 21
368; 9
374; 0
345; 129
369; 1
375; 4
371; 4
378; 0
373; 6
376; 3
381; 5
377; 0
380; 4
385; 1
383; 6
382; 2
379; 10
386; 4
389; 6
388; 22
392; 12
390; 32
387; 32
391; 31
394; 28
384; 34
402; 7
400; 33
405; 9
393; 23
397; 18
396; 40
403; 15
395; 24
401; 41
406; 18
398; 43
404; 27
399; 36
409; 4
410; 6
407; 35
408; 13
412; 10
414; 7
411; 27
413; 12
418; 0
416; 4
422; 3
421; 2
425; 0
419; 1
415; 12
424; 3
423; 6
420; 0
417; 4
427; 0
430; 15
433; 2
431; 20
426; 23
442; 2
435; 28
429; 34
432; 21
437; 13
443; 10
434; 21
441; 18
438; 40
445; 2
428; 33
447; 0
439; 23
436; 19
444; 20
446; 1
440; 8
450; 0
448; 0
451; 0
449; 1
457; 2
455; 0
452; 7
453; 2
458; 0
461; 1
454; 0
456; 5
460; 7
459; 1
463; 2
468; 5
464; 4
470; 1
466; 0
469; 4
479; 0
462; 25
478; 25
480; 12
473; 23
474; 11
484; 22
467; 79
482; 18
472; 53
471; 59
483; 32
476; 60
465; 114
490; 31
477; 109
492; 32
493; 31
489; 53
481; 86
488; 51
491; 20
475; 98
495; 47
501; 19
487; 90
498; 35
502; 41
496; 29
507; 11
485; 113
504; 42
503; 57
506; 35
509; 13
510; 11
505; 21
499; 37
513; 6
511; 10
512; 14
508; 29
497; 83
486; 119
500; 65
514; 4
494; 102
516; 11
519; 12
518; 10
522; 49
517; 53
523; 45
524; 44
532; 16
538; 1
537; 2
528; 40
526; 48
529; 25
515; 83
521; 60
527; 56
531; 63
535; 18
525; 62
534; 38
536; 18
530; 29
540; 7
539; 8
546; 3
533; 19
520; 87
541; 17
543; 17
542; 28
555; 12
550; 5
552; 23
545; 19
548; 50
561; 31
544; 71
553; 64
554; 82
564; 45
556; 65
572; 70
570; 45
547; 136
567; 62
577; 68
568; 93
565; 70
584; 32
551; 148
571; 77
557; 152
569; 106
563; 125
566; 108
582; 17
594; 17
588; 52
549; 200
583; 42
581; 49
599; 9
562; 190
573; 101
585; 80
559; 220
558; 229
591; 50
579; 146
560; 242
595; 79
580; 178
597; 111
592; 109
596; 98
578; 158
590; 130
575; 246
600; 133
608; 78
605; 89
593; 148
576; 214
574; 302
613; 56
603; 147
615; 10
607; 107
601; 107
587; 206
598; 94
612; 95
602; 127
617; 47
614; 80
610; 119
632; 7
619; 50
622; 72
606; 150
630; 18
623; 100
633; 36
611; 130
586; 331
642; 7
604; 219
636; 34
627; 99
638; 45
643; 9
589; 325
609; 206
639; 33
628; 105
635; 93
618; 178
629; 124
651; 17
641; 63
647; 2
626; 121
637; 56
621; 159
640; 92
624; 159
616; 206
634; 63
644; 40
652; 45
654; 37
648; 46
659; 32
650; 53
664; 31
625; 246
646; 82
631; 229
620; 257
665; 35
661; 60
674; 4
657; 92
653; 89
660; 35
667; 38
673; 9
676; 25
670; 14
666; 16
656; 97
658; 102
684; 10
679; 51
675; 62
662; 116
663; 81
645; 219
683; 7
669; 78
655; 169
678; 65
687; 22
682; 54
680; 53
671; 116
681; 90
693; 11
649; 221
686; 114
690; 110
672; 138
701; 47
702; 55
705; 25
695; 83
677; 123
698; 81
707; 42
699; 100
712; 30
689; 153
668; 291
703; 145
722; 68
697; 217
716; 89
743; 26
710; 129
706; 176
694; 254
700; 221
691; 295
733; 72
759; 0
685; 292
746; 52
696; 235
737; 110
761; 3
730; 141
711; 190
709; 191
708; 199
766; 10
754; 57
745; 81
748; 62
731; 155
692; 344
735; 180
763; 9
756; 112
769; 33
728; 211
729; 223
717; 287
704; 322
777; 16
714; 292
725; 238
720; 270
736; 211
753; 149
744; 168
715; 340
719; 313
747; 203
778; 72
723; 327
734; 268
751; 162
752; 229
740; 244
732; 344
779; 108
738; 368
776; 125
792; 73
726; 430
773; 184
741; 372
791; 101
750; 350
767; 269
760; 312
688; 648
810; 82
797; 123
770; 274
713; 538
802; 151
784; 189
812; 109
798; 125
721; 527
749; 412
815; 127
762; 363
804; 130
724; 528
821; 46
772; 326
805; 197
806; 246
785; 314
830; 68
775; 370
836; 109
727; 612
793; 282
826; 124
811; 224
838; 91
825; 141
765; 508
782; 383
739; 623
818; 215
813; 255
853; 59
850; 72
755; 565
783; 364
851; 66
842; 146
807; 337
833; 191
819; 301
834; 184
718; 816
780; 476
788; 397
801; 398
758; 606
768; 604
843; 203
828; 261
840; 228
781; 448
841; 209
852; 181
817; 430
868; 96
794; 481
774; 636
875; 34
858; 116
789; 512
855; 197
869; 74
757; 736
837; 317
771; 680
832; 334
848; 235
799; 506
867; 115
816; 498
803; 540
787; 589
864; 149
883; 49
863; 268
882; 103
820; 513
861; 215
795; 678
831; 498
827; 519
880; 142
822; 520
890; 101
796; 689
906; 11
881; 141
844; 420
835; 455
903; 23
829; 495
874; 193
764; 879
895; 76
888; 158
873; 224
854; 347
849; 379
892; 96
872; 280
814; 674
847; 432
896; 109
823; 615
877; 175
884; 174
865; 319
912; 34
845; 462
879; 246
878; 278
904; 128
862; 402
742; 1067
870; 292
905; 103
866; 380
871; 336
885; 273
914; 123
907; 96
790; 832
859; 463
918; 113
889; 217
913; 158
919; 148
916; 169
937; 26
900; 241
856; 546
891; 292
846; 661
923; 173
927; 178
894; 268
860; 566
800; 946
929; 151
898; 292
808; 839
915; 217
893; 300
925; 206
932; 132
876; 440
917; 277
897; 359
786; 1048
936; 173
951; 76
950; 103
945; 158
911; 332
887; 494
942; 143
941; 176
922; 250
908; 392
921; 327
910; 371
809; 1063
947; 127
886; 508
824; 919
839; 830
933; 232
957; 91
970; 30
948; 136
928; 332
944; 214
960; 87
924; 340
956; 139
949; 123
939; 220
962; 132
902; 485
979; 66
938; 285
909; 472
996; 6
934; 355
983; 107
999; 9
920; 448
953; 259
940; 354
955; 269
961; 247
976; 102
926; 497
993; 117
931; 457
965; 249
987; 156
943; 382
978; 235
988; 186
991; 201
1000; 130
969; 300
974; 269
984; 233
971; 265
857; 987
930; 598
959; 360
935; 527
973; 268
975; 274
899; 783
981; 243
964; 365
972; 360
995; 253
946; 493
982; 306
901; 816
990; 310
992; 277
968; 427
966; 391
967; 460
994; 301
997; 262
989; 379
958; 507
980; 375
952; 564
963; 551
985; 396
954; 605
986; 440
998; 396
977; 599
6; 1
3; 0
8; 0
4; 3
2; 0
1; 0
9; 0
7; 0
11; 0
5; 5
17; 1
22; 1
15; 5
19; 26
12; 23
29; 11
31; 12
10; 22
21; 23
32; 14
16; 33
27; 21
24; 23
20; 15
18; 39
14; 43
13; 48
30; 12
28; 27
25; 32
43; 7
40; 16
49; 3
26; 48
33; 17
35; 17
48; 21
50; 21
23; 105
41; 44
39; 31
51; 15
36; 56
42; 29
44; 24
55; 21
34; 59
54; 24
45; 34
56; 18
38; 51
52; 20
46; 60
37; 53
60; 11
59; 12
47; 62
69; 3
67; 25
58; 35
65; 8
53; 68
66; 5
64; 6
57; 46
61; 27
74; 0
63; 28
70; 8
68; 40
71; 15
62; 55
72; 11
73; 29
77; 33
87; 46
91; 40
81; 67
83; 59
86; 36
75; 72
82; 60
79; 114
78; 102
80; 73
85; 63
76; 119
92; 47
88; 50
95; 17
98; 22
89; 74
94; 49
84; 110
93; 44
102; 0
97; 17
96; 33
100; 15
99; 5
101; 12
90; 79
106; 6
104; 0
107; 0
103; 0
105; 1
109; 5
110; 0
114; 3
108; 4
113; 8
115; 21
121; 16
116; 11
122; 6
118; 16
119; 14
112; 26
123; 35
132; 16
120; 38
126; 30
125; 22
130; 13
127; 20
111; 66
129; 26
128; 26
131; 8
124; 22
135; 0
117; 70
139; 1
136; 4
134; 0
138; 0
133; 3
145; 3
137; 2
143; 5
142; 2
140; 9
144; 1
141; 0
147; 0
153; 4
149; 11
148; 11
146; 35
154; 6
161; 35
150; 54
164; 52
160; 33
170; 17
167; 32
174; 17
156; 98
155; 127
157; 90
158; 85
152; 102
169; 86
168; 74
163; 93
177; 46
183; 1
159; 75
166; 54
162; 63
171; 80
175; 42
181; 28
172; 54
178; 39
190; 4
186; 24
185; 7
189; 39
184; 55
187; 14
165; 61
151; 166
194; 16
188; 31
180; 61
179; 47
193; 32
173; 118
198; 15
199; 5
195; 19
196; 9
176; 97
191; 30
192; 20
201; 0
182; 56
197; 11
200; 0
203; 1
202; 2
208; 1
209; 12
204; 11
207; 1
211; 7
205; 7
210; 1
206; 13
213; 0
216; 0
220; 21
214; 18
217; 1
221; 6
212; 20
218; 2
219; 8
215; 32
226; 24
229; 24
223; 14
222; 44
237; 0
224; 22
228; 24
227; 17
231; 40
225; 28
233; 11
235; 2
238; 4
234; 21
236; 4
232; 16
230; 35
241; 0
240; 0
242; 0
244; 5
243; 4
239; 13
246; 13
256; 0
249; 2
245; 13
251; 3
248; 20
254; 14
247; 26
252; 22
253; 32
259; 2
257; 7
250; 15
261; 0
255; 21
258; 2
262; 0
272; 14
263; 25
264; 21
260; 37
269; 45
273; 42
275; 5
265; 21
267; 57
266; 30
271; 23
270; 30
268; 36
274; 2
276; 15
278; 2
277; 4
283; 10
279; 9
281; 8
282; 1
289; 7
287; 6
280; 9
290; 6
291; 6
284; 19
286; 38
292; 32
285; 17
288; 27
298; 10
297; 22
294; 16
293; 31
296; 34
295; 13
302; 1
301; 0
299; 1
300; 3
307; 0
303; 0
305; 10
310; 17
306; 8
304; 3
314; 15
316; 15
313; 24
311; 12
308; 19
309; 60
321; 10
312; 39
315; 32
317; 17
320; 31
323; 7
319; 39
322; 14
324; 18
318; 35
327; 6
326; 14
335; 25
329; 24
332; 13
334; 11
328; 36
325; 26
341; 3
344; 18
340; 0
330; 35
336; 31
337; 24
343; 12
331; 37
338; 38
345; 32
339; 63
349; 13
333; 72
350; 21
348; 40
356; 26
354; 24
347; 74
355; 55
352; 48
357; 34
353; 96
367; 43
362; 69
342; 118
346; 83
360; 52
358; 37
351; 76
361; 33
364; 25
366; 32
365; 30
363; 56
359; 46
369; 15
376; 2
372; 2
373; 1
371; 3
375; 1
377; 3
368; 38
383; 21
389; 1
378; 24
387; 12
370; 42
395; 8
382; 9
379; 43
374; 41
388; 32
380; 27
399; 0
381; 50
384; 42
394; 17
390; 18
385; 22
391; 30
401; 6
402; 5
393; 26
396; 13
386; 61
397; 20
407; 0
400; 22
405; 3
403; 6
392; 57
398; 17
409; 0
406; 10
413; 1
408; 0
404; 12
414; 3
410; 2
411; 1
419; 0
415; 0
412; 6
416; 1
417; 4
418; 5
425; 3
421; 10
422; 11
420; 0
423; 2
426; 3
431; 0
424; 1
429; 5
430; 0
432; 1
436; 0
428; 0
433; 1
435; 0
427; 0
439; 2
437; 10
434; 33
450; 10
446; 23
447; 25
441; 40
443; 53
442; 57
445; 76
438; 78
449; 62
458; 30
440; 88
451; 61
465; 1
452; 65
454; 47
472; 4
466; 15
480; 5
444; 92
462; 11
455; 67
461; 29
471; 29
453; 86
463; 29
459; 44
485; 29
475; 75
474; 56
448; 152
470; 87
482; 41
464; 72
477; 44
468; 83
457; 133
479; 60
469; 79
481; 95
460; 150
456; 164
483; 87
498; 24
476; 149
478; 149
488; 73
486; 50
487; 35
491; 65
494; 36
506; 25
484; 81
490; 74
503; 44
510; 41
493; 72
495; 103
473; 198
507; 51
514; 13
509; 48
489; 130
467; 253
504; 86
511; 67
501; 83
499; 85
496; 98
519; 30
521; 50
492; 149
528; 10
502; 88
513; 74
500; 152
515; 49
523; 27
518; 47
520; 58
508; 70
517; 71
533; 33
505; 140
497; 191
531; 48
527; 86
522; 82
532; 30
529; 49
541; 17
544; 16
545; 5
535; 26
536; 51
543; 26
537; 43
525; 86
542; 11
524; 105
526; 59
516; 159
540; 41
534; 87
548; 0
512; 186
546; 4
530; 87
539; 40
547; 1
538; 41
549; 1
551; 1
554; 7
555; 0
552; 5
559; 0
550; 1
558; 1
553; 25
556; 12
557; 8
562; 17
564; 3
565; 6
561; 5
563; 9
560; 0
566; 1
571; 0
567; 6
568; 0
576; 2
569; 0
574; 0
570; 0
573; 9
577; 6
572; 1
584; 7
589; 6
579; 19
585; 27
581; 7
587; 23
575; 28
578; 12
580; 27
582; 16
586; 10
590; 8
583; 25
594; 8
591; 14
593; 9
588; 34
592; 4
595; 0
596; 12
600; 0
598; 0
601; 7
597; 10
603; 15
606; 10
602; 5
613; 2
599; 16
609; 11
610; 5
612; 7
604; 3
611; 1
607; 19
608; 4
615; 15
614; 6
618; 9
616; 13
621; 4
605; 25
617; 2
619; 1
622; 8
623; 11
629; 17
620; 22
626; 32
631; 36
624; 50
635; 6
633; 33
637; 17
628; 39
625; 44
632; 46
630; 37
627; 60
640; 0
642; 0
638; 27
645; 0
636; 23
634; 31
639; 31
648; 1
647; 4
643; 6
650; 0
646; 1
644; 7
641; 19
654; 2
652; 8
651; 0
649; 1
655; 0
656; 24
653; 32
661; 1
657; 32
671; 14
679; 1
678; 9
658; 58
674; 34
680; 4
677; 33
662; 97
660; 91
673; 67
669; 119
665; 107
686; 63
659; 139
687; 78
697; 2
663; 154
672; 127
668; 152
689; 77
670; 177
684; 104
688; 103
698; 39
690; 76
692; 90
675; 175
682; 112
710; 2
683; 128
706; 3
714; 6
681; 156
664; 238
667; 229
699; 30
702; 42
705; 11
695; 48
676; 175
666; 237
715; 28
713; 15
721; 11
722; 17
693; 109
701; 61
725; 2
708; 54
718; 16
716; 49
694; 96
717; 13
696; 80
703; 82
726; 39
704; 108
685; 210
712; 33
711; 82
731; 7
707; 88
724; 57
727; 45
730; 16
720; 121
723; 96
719; 87
728; 41
700; 169
709; 116
691; 292
734; 29
732; 54
735; 18
737; 18
733; 35
745; 5
729; 79
747; 5
736; 21
738; 19
743; 0
739; 25
741; 1
744; 3
742; 18
751; 20
740; 28
748; 5
754; 11
757; 25
750; 30
761; 50
773; 1
746; 75
753; 40
768; 26
755; 63
778; 25
780; 5
763; 71
777; 31
766; 77
785; 24
792; 12
791; 11
752; 108
749; 178
779; 82
759; 119
756; 115
760; 99
794; 28
781; 77
793; 5
787; 35
769; 107
796; 18
772; 130
795; 22
758; 139
776; 137
764; 190
800; 52
786; 113
762; 206
767; 180
774; 138
805; 26
801; 27
784; 145
775; 159
808; 24
788; 124
782; 135
771; 196
799; 56
783; 152
797; 117
770; 231
765; 259
804; 111
802; 101
807; 57
803; 137
790; 213
798; 205
825; 55
813; 65
826; 50
789; 250
815; 103
809; 138
841; 15
819; 118
827; 89
823; 133
810; 148
814; 171
818; 102
839; 22
817; 125
832; 26
816; 123
820; 106
822; 136
824; 143
806; 221
821; 169
829; 146
828; 153
842; 92
852; 19
845; 70
855; 6
834; 131
836; 142
847; 63
838; 103
812; 248
837; 146
844; 101
846; 76
840; 144
831; 174
835; 152
811; 313
857; 34
833; 177
850; 73
863; 21
830; 238
843; 160
858; 56
851; 102
859; 49
848; 83
853; 57
854; 86
864; 21
861; 29
856; 81
860; 73
865; 20
849; 147
862; 40
870; 34
866; 65
885; 2
875; 42
867; 69
874; 69
878; 37
879; 23
883; 27
873; 53
868; 73
869; 56
871; 76
891; 6
877; 48
892; 1
880; 39
884; 10
888; 15
872; 98
889; 9
882; 29
890; 6
876; 73
887; 20
894; 1
886; 18
881; 63
896; 0
893; 5
898; 0
900; 0
895; 0
899; 0
901; 14
897; 12
908; 15
909; 3
904; 18
905; 6
917; 0
903; 22
907; 25
915; 14
910; 10
914; 24
902; 37
912; 19
918; 12
923; 6
913; 32
924; 15
916; 10
921; 13
911; 33
906; 42
926; 0
922; 11
920; 12
919; 5
930; 4
925; 9
928; 0
929; 1
931; 1
932; 0
927; 0
934; 0
933; 0
937; 6
935; 8
939; 2
936; 27
941; 10
938; 17
944; 18
940; 7
943; 52
947; 77
954; 49
957; 13
942; 76
950; 64
945; 78
955; 16
960; 44
952; 11
946; 73
962; 53
951; 51
953; 37
949; 41
965; 2
963; 41
956; 51
964; 34
970; 60
958; 91
974; 23
948; 138
985; 8
973; 60
969; 90
975; 68
959; 153
961; 132
966; 78
981; 31
979; 97
976; 62
977; 75
968; 115
982; 47
990; 52
989; 20
987; 58
971; 112
986; 83
980; 109
1000; 18
991; 67
967; 131
972; 157
988; 86
994; 94
997; 55
984; 113
995; 51
978; 183
999; 88
996; 69
983; 156
998; 133
992; 175
993; 219
9; 11
3; 12
12; 8
1; 38
2; 12
7; 11
5; 71
11; 47
8; 91
6; 31
16; 10
18; 4
4; 72
14; 37
13; 33
23; 15
15; 53
24; 22
17; 40
10; 100
25; 20
30; 4
20; 26
19; 12
27; 10
21; 13
22; 13
26; 9
29; 15
28; 12
32; 0
35; 0
31; 4
38; 4
37; 1
34; 26
43; 25
45; 11
40; 12
36; 25
39; 10
44; 2
33; 19
41; 21
42; 17
47; 4
50; 0
48; 4
53; 0
55; 10
46; 29
49; 13
51; 5
52; 50
56; 63
54; 36
59; 16
64; 25
57; 42
58; 45
63; 54
69; 9
61; 15
65; 33
62; 33
66; 34
60; 40
68; 30
67; 35
73; 2
70; 39
71; 43
84; 21
81; 21
87; 4
72; 64
74; 35
79; 22
77; 34
75; 20
80; 14
76; 35
78; 39
89; 0
82; 18
88; 1
86; 20
85; 47
83; 60
94; 5
92; 10
96; 0
90; 14
98; 0
91; 11
93; 7
95; 0
99; 0
100; 0
97; 4
102; 0
105; 0
106; 0
104; 2
109; 8
108; 3
103; 4
113; 12
101; 41
111; 22
114; 3
120; 0
115; 7
125; 1
124; 0
117; 13
118; 2
121; 1
110; 11
122; 2
123; 1
112; 27
116; 13
127; 3
119; 14
107; 26
133; 0
126; 0
132; 0
128; 3
134; 0
129; 5
137; 0
131; 8
135; 0
130; 9
139; 8
136; 4
138; 16
144; 12
140; 19
142; 7
141; 3
143; 12
153; 3
147; 7
150; 0
155; 0
152; 13
145; 3
146; 8
154; 1
148; 8
151; 6
158; 0
161; 5
149; 24
160; 7
165; 1
156; 10
162; 11
164; 2
157; 17
168; 4
166; 3
169; 3
163; 4
159; 6
172; 0
171; 2
170; 2
167; 8
176; 0
173; 4
179; 5
177; 6
181; 10
175; 1
178; 19
174; 39
185; 42
182; 28
183; 69
191; 64
187; 55
188; 81
193; 21
184; 97
198; 31
194; 58
189; 63
192; 65
186; 88
195; 100
202; 69
180; 134
190; 124
211; 56
207; 45
214; 43
201; 77
213; 52
212; 61
206; 51
210; 73
196; 123
200; 78
208; 57
199; 140
197; 99
216; 11
217; 7
204; 87
203; 83
205; 83
215; 36
218; 8
224; 2
220; 0
219; 7
221; 0
209; 73
226; 2
222; 1
225; 1
223; 0
227; 1
228; 0
229; 0
231; 10
230; 4
237; 9
233; 6
234; 0
235; 0
241; 15
232; 14
238; 21
243; 0
246; 8
250; 4
236; 55
251; 12
247; 35
239; 64
257; 28
252; 26
249; 32
261; 4
242; 86
240; 56
263; 16
255; 49
253; 71
256; 73
248; 71
265; 32
245; 78
254; 81
268; 29
244; 69
262; 37
267; 21
258; 81
266; 26
270; 36
273; 17
260; 98
259; 142
276; 15
274; 25
272; 68
277; 23
282; 30
280; 45
269; 83
287; 3
271; 78
290; 0
281; 27
279; 63
283; 23
264; 119
278; 53
285; 13
291; 2
288; 8
286; 7
284; 8
289; 0
275; 76
292; 6
294; 0
295; 21
301; 12
297; 4
302; 0
296; 21
300; 7
299; 10
293; 37
298; 5
307; 4
303; 5
305; 3
304; 0
309; 0
315; 0
312; 0
310; 0
308; 5
306; 13
311; 2
314; 0
316; 1
317; 0
313; 1
319; 3
324; 18
331; 19
321; 36
320; 54
328; 34
322; 33
327; 31
318; 55
334; 23
330; 28
323; 39
335; 40
329; 39
333; 8
326; 43
325; 33
341; 12
339; 7
340; 9
344; 14
336; 37
337; 46
348; 11
332; 45
347; 23
338; 23
342; 18
345; 14
350; 8
352; 0
349; 16
346; 19
351; 0
355; 1
343; 29
356; 0
353; 2
363; 7
366; 1
362; 8
365; 1
360; 9
359; 0
357; 2
377; 7
369; 17
370; 26
354; 52
361; 20
364; 16
368; 47
367; 48
380; 12
358; 64
381; 2
375; 51
372; 31
373; 26
371; 62
382; 15
379; 30
378; 63
374; 37
376; 34
384; 7
383; 13
387; 5
386; 2
385; 4
391; 0
390; 2
394; 0
389; 2
388; 2
397; 0
395; 3
392; 18
399; 17
402; 19
403; 16
408; 20
413; 3
393; 37
396; 19
398; 20
412; 19
407; 24
416; 17
405; 34
406; 59
401; 48
409; 57
411; 40
421; 0
404; 75
414; 46
400; 61
423; 8
418; 14
419; 11
422; 3
424; 5
415; 22
410; 47
429; 0
420; 7
417; 22
428; 0
427; 1
425; 3
430; 0
435; 1
426; 3
432; 0
434; 2
439; 14
443; 3
437; 14
436; 8
433; 32
441; 13
440; 34
450; 7
446; 15
438; 27
444; 27
445; 19
451; 7
447; 1
431; 33
452; 2
455; 2
442; 27
453; 23
454; 15
448; 13
458; 3
457; 4
449; 32
459; 10
460; 26
462; 7
468; 0
456; 14
463; 33
461; 22
464; 7
466; 1
476; 3
474; 8
467; 2
473; 4
472; 2
480; 3
478; 0
470; 1
471; 26
481; 21
469; 26
490; 12
465; 85
489; 23
475; 28
487; 34
479; 35
485; 36
491; 22
482; 50
492; 12
484; 50
483; 46
477; 51
488; 31
494; 21
486; 32
497; 0
496; 1
498; 0
495; 10
493; 13
501; 0
500; 1
499; 0
502; 0
504; 0
505; 0
503; 0
506; 0
508; 0
509; 2
507; 8
511; 10
512; 52
513; 14
516; 18
515; 26
517; 25
520; 13
522; 8
510; 43
530; 3
527; 25
532; 4
525; 14
529; 15
519; 25
526; 5
523; 32
514; 62
531; 21
518; 33
521; 73
542; 0
543; 0
524; 45
533; 23
538; 10
534; 16
528; 48
539; 14
540; 6
536; 24
537; 15
535; 22
547; 1
541; 9
546; 5
545; 9
544; 11
551; 5
554; 7
549; 5
557; 3
556; 0
552; 8
550; 1
553; 4
555; 1
558; 0
561; 0
548; 2
560; 0
562; 0
559; 0
565; 0
567; 0
563; 0
564; 7
570; 3
572; 6
569; 10
566; 0
576; 0
571; 27
574; 7
573; 10
578; 18
579; 12
577; 1
575; 37
585; 0
568; 18
581; 1
580; 10
582; 0
583; 0
587; 0
584; 0
588; 0
586; 0
591; 0
590; 0
596; 1
592; 12
600; 14
599; 4
593; 16
598; 15
594; 1
589; 32
601; 30
595; 10
602; 39
603; 11
606; 5
612; 15
611; 8
605; 18
609; 11
597; 31
607; 13
608; 20
610; 18
604; 49
616; 1
614; 6
615; 2
618; 0
613; 10
617; 1
619; 2
623; 0
621; 2
620; 0
629; 5
627; 2
624; 12
631; 4
628; 24
630; 7
632; 7
639; 7
622; 35
625; 31
638; 9
635; 27
633; 30
637; 6
626; 42
640; 1
643; 0
641; 1
636; 36
645; 1
642; 3
634; 23
644; 0
646; 0
648; 0
647; 2
651; 1
649; 8
652; 7
653; 2
654; 0
650; 8
657; 0
655; 0
658; 0
656; 0
661; 3
665; 5
659; 13
666; 4
660; 15
662; 22
671; 12
668; 14
664; 19
672; 9
663; 19
676; 21
669; 30
667; 21
680; 12
670; 31
677; 20
675; 19
678; 32
681; 31
679; 42
674; 49
686; 2
682; 19
673; 56
684; 15
690; 1
685; 17
683; 16
693; 5
691; 3
688; 17
696; 14
689; 4
698; 17
694; 33
697; 26
687; 25
692; 8
695; 15
703; 2
700; 10
699; 5
701; 8
704; 9
706; 17
702; 9
705; 12
707; 24
711; 32
710; 6
709; 19
715; 7
708; 26
713; 20
714; 20
712; 17
716; 0
722; 0
718; 9
717; 1
728; 24
732; 13
721; 32
720; 46
740; 9
726; 26
725; 52
730; 51
719; 78
735; 35
742; 1
723; 88
745; 5
739; 45
734; 22
724; 53
729; 56
733; 35
743; 7
738; 8
736; 57
727; 99
731; 63
737; 68
744; 34
748; 13
751; 9
753; 1
752; 5
749; 14
750; 25
741; 48
747; 22
746; 26
755; 17
757; 13
760; 25
759; 31
758; 47
763; 48
762; 16
764; 8
754; 79
756; 45
767; 28
770; 26
775; 23
772; 34
780; 2
766; 66
765; 87
768; 91
761; 114
769; 81
774; 58
777; 45
773; 52
782; 9
781; 7
783; 5
771; 66
778; 19
785; 7
787; 8
788; 7
797; 8
789; 11
793; 20
790; 12
784; 30
791; 17
803; 1
804; 8
786; 35
799; 21
800; 32
806; 34
801; 34
807; 34
776; 172
795; 62
794; 60
792; 72
810; 18
796; 72
779; 170
811; 22
809; 34
812; 50
814; 61
818; 4
808; 67
802; 77
798; 80
813; 24
822; 0
817; 25
819; 13
805; 95
816; 41
824; 1
815; 48
823; 0
826; 4
820; 16
825; 2
821; 1
827; 3
828; 1
829; 0
830; 0
834; 0
832; 0
836; 0
835; 0
833; 0
831; 0
840; 8
841; 0
839; 5
843; 7
837; 1
838; 2
846; 1
842; 1
845; 3
848; 0
844; 6
847; 0
849; 0
850; 1
851; 14
852; 15
855; 0
854; 0
861; 5
856; 13
862; 7
860; 7
867; 9
853; 68
868; 49
857; 45
859; 35
858; 48
872; 41
863; 63
866; 41
886; 14
887; 17
885; 40
879; 44
873; 95
876; 87
871; 127
888; 34
877; 98
903; 2
893; 47
878; 136
870; 141
896; 69
864; 180
889; 67
875; 140
902; 47
894; 109
865; 223
881; 129
874; 170
891; 114
905; 37
906; 7
900; 61
892; 107
884; 157
895; 138
869; 230
899; 121
897; 123
890; 140
915; 31
910; 69
921; 33
919; 20
928; 22
926; 59
932; 36
883; 225
880; 260
931; 62
937; 16
914; 117
918; 116
908; 153
904; 165
950; 22
960; 3
898; 286
907; 241
925; 183
909; 217
952; 99
954; 55
946; 100
945; 138
957; 97
965; 43
961; 30
953; 119
935; 184
912; 219
943; 129
901; 340
942; 184
933; 207
944; 180
911; 338
972; 31
969; 27
941; 185
947; 206
922; 272
939; 206
882; 447
920; 280
916; 330
934; 233
958; 142
927; 247
938; 218
913; 357
923; 281
930; 251
973; 45
966; 146
964; 146
980; 12
951; 216
975; 60
977; 26
962; 125
967; 132
955; 182
924; 324
956; 209
917; 364
929; 301
940; 272
963; 174
979; 28
936; 293
971; 87
988; 4
984; 5
948; 310
976; 65
949; 261
986; 8
982; 26
959; 246
974; 116
981; 88
983; 57
993; 34
968; 192
989; 74
998; 52
987; 47
997; 57
995; 71
978; 161
990; 89
994; 44
992; 59
999; 71
970; 197
991; 61
1000; 43
996; 80
985; 140
2; 0
4; 0
7; 1
5; 5
1; 8
3; 5
6; 9
12; 5
9; 4
13; 7
15; 14
14; 4
10; 7
11; 3
16; 0
8; 2
18; 0
17; 0
19; 4
24; 1
22; 7
21; 5
23; 1
29; 1
25; 0
26; 9
28; 2
20; 12
36; 8
37; 14
27; 16
31; 36
30; 33
33; 11
40; 37
34; 34
32; 52
46; 10
48; 24
39; 72
44; 55
52; 23
41; 53
47; 54
50; 30
56; 8
49; 47
35; 107
42; 62
53; 36
43; 72
45; 60
59; 3
55; 25
58; 25
67; 12
60; 40
54; 53
62; 27
65; 16
57; 47
61; 11
38; 153
51; 93
71; 20
69; 57
66; 34
63; 26
68; 13
70; 27
72; 28
86; 22
78; 33
79; 4
75; 38
80; 42
74; 63
76; 53
77; 20
84; 43
64; 102
73; 55
92; 35
90; 38
95; 15
81; 43
88; 26
96; 14
82; 85
87; 63
93; 69
91; 66
85; 109
97; 43
101; 24
83; 103
89; 93
105; 10
100; 36
112; 10
106; 31
94; 73
104; 33
102; 71
99; 82
109; 51
98; 76
111; 32
114; 49
103; 52
118; 30
125; 14
110; 85
107; 49
126; 18
123; 35
108; 68
121; 28
113; 65
130; 19
116; 68
119; 40
117; 63
120; 56
124; 30
115; 58
131; 15
128; 40
129; 21
127; 12
137; 2
122; 29
132; 7
135; 0
138; 3
136; 11
140; 18
139; 22
133; 33
134; 34
142; 10
144; 2
145; 16
141; 33
143; 2
146; 8
151; 6
154; 10
153; 20
150; 18
155; 22
149; 11
148; 16
157; 6
147; 18
158; 7
160; 17
152; 11
168; 0
156; 18
164; 19
165; 25
163; 15
159; 26
170; 5
173; 13
174; 8
175; 7
166; 19
167; 17
162; 14
171; 16
161; 19
176; 8
169; 18
177; 1
180; 2
172; 24
184; 1
178; 11
182; 1
186; 0
179; 9
185; 0
183; 1
188; 0
181; 1
189; 0
192; 2
190; 0
187; 13
197; 9
193; 0
194; 3
191; 0
195; 15
196; 1
199; 0
198; 0
200; 0
202; 2
206; 5
203; 0
209; 0
208; 6
210; 8
213; 24
205; 22
212; 16
216; 7
207; 66
215; 19
217; 0
224; 32
221; 28
204; 81
211; 69
201; 99
218; 28
214; 50
220; 29
222; 45
229; 17
226; 21
223; 36
219; 37
225; 34
228; 8
227; 20
231; 0
237; 0
238; 16
232; 26
236; 13
241; 7
239; 1
242; 27
230; 30
233; 8
235; 31
240; 29
244; 5
234; 15
243; 10
245; 3
247; 0
246; 0
248; 0
249; 1
251; 0
254; 3
250; 6
256; 16
252; 24
259; 9
260; 8
258; 3
253; 18
255; 22
264; 8
263; 20
257; 33
271; 3
262; 17
261; 31
269; 17
270; 26
274; 4
267; 16
268; 29
277; 8
273; 7
265; 30
266; 33
278; 7
272; 7
275; 4
279; 0
276; 17
280; 0
281; 1
284; 0
286; 0
282; 0
289; 0
285; 0
283; 3
288; 0
287; 11
292; 14
295; 9
290; 3
294; 28
291; 32
300; 8
304; 13
303; 38
301; 45
297; 53
302; 24
299; 59
298; 51
314; 13
315; 16
312; 50
306; 44
293; 114
311; 45
320; 10
310; 70
309; 36
316; 30
305; 49
318; 8
307; 86
313; 35
317; 5
308; 69
296; 124
319; 3
321; 0
323; 0
324; 1
327; 16
322; 21
325; 7
341; 2
331; 6
338; 23
334; 24
332; 16
333; 39
336; 38
326; 54
340; 21
346; 23
348; 7
329; 79
342; 36
353; 15
349; 4
352; 21
328; 86
345; 47
354; 27
347; 22
330; 86
337; 94
344; 77
351; 64
350; 38
343; 51
356; 39
339; 120
357; 17
335; 132
363; 0
360; 22
366; 0
362; 41
359; 43
368; 9
372; 2
371; 25
358; 59
379; 32
364; 53
373; 38
365; 37
369; 48
380; 51
377; 21
370; 116
386; 53
387; 36
381; 86
375; 129
355; 221
392; 17
389; 61
383; 99
361; 139
391; 44
384; 79
394; 45
395; 34
397; 34
367; 124
385; 90
376; 114
374; 102
393; 76
403; 19
398; 33
406; 44
390; 98
399; 68
382; 180
396; 83
388; 140
416; 17
420; 47
415; 70
378; 221
404; 82
410; 92
414; 104
424; 72
413; 139
401; 124
425; 97
444; 1
429; 42
419; 119
407; 154
422; 135
409; 160
405; 186
423; 114
408; 139
435; 93
439; 89
412; 155
426; 92
421; 148
400; 212
427; 150
402; 244
452; 62
432; 147
443; 127
417; 186
434; 157
462; 12
441; 137
451; 100
453; 109
418; 266
437; 215
436; 184
449; 131
470; 12
446; 109
460; 72
468; 17
445; 131
442; 207
431; 237
450; 163
473; 11
477; 1
467; 69
458; 107
440; 239
411; 376
465; 74
478; 31
466; 73
428; 302
448; 199
433; 277
454; 166
430; 305
459; 125
447; 160
463; 97
471; 59
438; 262
456; 172
457; 124
472; 81
485; 6
481; 3
464; 142
469; 125
455; 174
474; 63
480; 25
490; 25
476; 123
461; 247
483; 70
487; 76
499; 35
494; 42
500; 6
495; 58
501; 27
509; 10
486; 128
496; 38
491; 114
479; 107
502; 42
497; 43
482; 144
492; 109
506; 41
517; 30
493; 123
498; 108
489; 151
514; 30
520; 30
488; 197
475; 248
510; 77
508; 83
484; 206
525; 43
505; 177
507; 122
522; 116
512; 111
524; 95
504; 180
529; 84
530; 90
535; 54
526; 77
527; 110
537; 53
528; 108
511; 174
533; 110
515; 143
531; 91
536; 108
519; 168
538; 123
534; 107
523; 187
503; 290
541; 110
543; 114
546; 90
567; 7
516; 277
521; 275
545; 106
552; 85
548; 77
532; 210
562; 40
553; 66
569; 16
561; 68
555; 120
518; 268
547; 143
566; 56
556; 137
549; 131
513; 381
572; 21
557; 101
568; 70
539; 192
564; 75
542; 201
560; 126
551; 132
575; 5
558; 146
544; 196
540; 257
577; 17
550; 184
559; 146
563; 115
579; 24
576; 19
580; 6
574; 31
565; 164
581; 40
588; 10
571; 79
554; 180
573; 37
578; 50
587; 9
570; 61
589; 13
584; 24
586; 5
591; 9
583; 29
596; 1
597; 2
582; 63
593; 29
585; 89
590; 76
610; 19
592; 68
598; 48
599; 47
612; 21
611; 18
616; 1
595; 94
600; 92
615; 33
617; 39
594; 142
601; 80
613; 40
604; 107
624; 44
621; 50
608; 102
619; 46
602; 130
629; 19
633; 43
603; 150
631; 44
641; 31
605; 145
614; 103
618; 90
637; 54
607; 187
623; 119
625; 86
642; 63
628; 101
609; 214
627; 136
632; 85
638; 71
644; 60
639; 94
606; 207
622; 143
640; 64
630; 139
636; 115
620; 171
626; 166
643; 76
649; 61
651; 26
635; 157
634; 162
652; 86
653; 86
645; 156
657; 78
648; 150
675; 55
673; 37
650; 141
674; 57
665; 52
647; 150
660; 106
666; 105
659; 135
682; 56
646; 204
680; 71
671; 137
670; 131
662; 160
669; 105
681; 79
667; 171
694; 10
661; 163
655; 224
698; 12
692; 57
658; 231
664; 199
685; 84
676; 179
678; 134
683; 140
654; 283
679; 125
668; 192
695; 65
687; 101
663; 230
693; 98
689; 102
699; 40
704; 37
691; 140
703; 30
702; 73
710; 62
709; 79
697; 110
656; 344
672; 273
719; 40
688; 181
701; 141
696; 192
720; 54
684; 231
711; 77
700; 140
712; 115
706; 119
708; 98
717; 62
726; 9
690; 224
686; 267
718; 91
714; 101
725; 20
715; 81
722; 26
705; 116
728; 7
707; 161
731; 22
733; 9
716; 130
727; 35
721; 77
677; 366
729; 28
724; 61
735; 24
713; 131
738; 6
723; 84
730; 82
732; 54
736; 30
740; 16
741; 10
734; 62
737; 39
743; 30
742; 22
744; 7
739; 26
745; 17
746; 23
748; 0
751; 0
749; 4
753; 2
747; 6
756; 5
750; 7
759; 10
754; 22
761; 21
755; 10
762; 16
752; 9
760; 13
765; 16
766; 2
763; 22
764; 12
757; 9
758; 10
767; 0
770; 0
773; 0
769; 1
771; 0
768; 4
774; 0
775; 0
777; 10
781; 0
772; 0
779; 0
778; 3
782; 1
785; 0
780; 0
776; 0
786; 0
784; 1
787; 2
783; 4
790; 0
791; 0
789; 0
793; 0
795; 0
788; 12
799; 5
792; 0
800; 7
798; 10
794; 14
804; 0
796; 3
797; 6
803; 5
810; 29
806; 24
801; 21
808; 18
814; 1
813; 3
809; 12
802; 43
805; 12
811; 22
807; 12
817; 1
812; 38
818; 4
816; 10
815; 5
819; 9
823; 0
820; 0
821; 0
824; 0
825; 0
822; 2
828; 1
831; 4
829; 12
827; 5
834; 0
830; 6
826; 7
836; 7
837; 3
835; 3
832; 3
838; 3
841; 10
848; 5
833; 23
840; 15
843; 6
852; 14
850; 29
839; 43
846; 32
842; 26
849; 34
845; 34
859; 0
847; 35
844; 36
855; 8
858; 3
853; 31
857; 1
860; 6
851; 20
854; 29
856; 16
861; 1
864; 0
865; 0
863; 0
867; 0
866; 0
862; 6
873; 1
870; 0
874; 3
871; 16
877; 16
876; 21
868; 42
872; 43
869; 52
880; 14
891; 7
878; 49
881; 42
889; 31
892; 6
883; 57
888; 29
882; 35
894; 27
890; 6
875; 75
885; 55
896; 24
887; 62
884; 53
898; 11
904; 15
899; 13
906; 19
903; 20
897; 63
902; 42
886; 135
893; 62
879; 108
895; 90
907; 12
901; 85
905; 75
900; 69
909; 45
908; 54
913; 11
916; 2
910; 34
911; 35
912; 9
914; 16
919; 0
917; 13
918; 27
929; 9
924; 3
915; 79
920; 43
938; 32
921; 57
923; 62
935; 68
933; 92
948; 15
926; 84
944; 35
922; 99
950; 29
927; 95
928; 112
925; 157
930; 155
973; 4
931; 176
967; 62
952; 101
946; 137
964; 100
943; 179
957; 96
981; 4
966; 94
941; 209
960; 98
945; 176
955; 150
936; 230
958; 170
947; 189
934; 250
939; 218
953; 181
949; 172
968; 84
937; 274
956; 185
972; 137
969; 141
983; 51
963; 150
965; 179
970; 142
942; 267
989; 41
959; 266
998; 60
940; 340
987; 89
962; 209
971; 203
984; 147
974; 201
986; 152
976; 210
932; 467
980; 221
996; 181
988; 204
992; 254
985; 330
982; 350
951; 534
999; 263
975; 382
997; 267
1000; 254
954; 544
991; 400
995; 366
979; 468
994; 466
961; 639
977; 582
990; 642
993; 674
978; 855
3; 0
4; 0
2; 0
5; 0
10; 0
1; 5
8; 2
7; 10
6; 6
12; 8
11; 12
9; 1
15; 15
19; 6
18; 2
17; 5
14; 16
13; 16
21; 6
20; 21
22; 10
25; 0
27; 0
26; 3
23; 2
16; 12
29; 1
30; 3
34; 6
24; 26
28; 13
38; 8
35; 11
33; 15
37; 3
32; 27
31; 12
36; 3
39; 0
42; 2
41; 2
43; 5
44; 0
46; 0
40; 10
50; 11
58; 10
49; 0
56; 5
57; 14
52; 31
45; 20
53; 18
47; 24
51; 4
54; 31
48; 22
55; 25
62; 2
66; 2
64; 5
59; 21
63; 0
68; 7
71; 0
67; 5
73; 0
61; 6
65; 18
60; 9
70; 0
74; 15
82; 0
85; 9
76; 41
69; 29
72; 77
80; 28
81; 34
77; 50
89; 3
79; 48
75; 59
93; 1
86; 36
83; 74
87; 57
78; 72
91; 6
84; 30
88; 35
90; 49
94; 24
95; 1
92; 22
96; 11
100; 7
99; 21
101; 8
102; 21
98; 3
97; 17
108; 13
110; 0
103; 15
109; 20
106; 41
111; 10
104; 28
115; 24
105; 31
117; 6
112; 13
114; 7
107; 23
116; 3
119; 0
113; 8
123; 0
120; 0
118; 14
121; 4
122; 0
128; 0
124; 0
125; 0
127; 0
126; 0
129; 1
130; 2
131; 15
139; 7
134; 26
138; 59
142; 44
148; 15
136; 56
137; 68
155; 35
152; 9
132; 106
143; 61
147; 58
133; 111
151; 90
144; 84
146; 91
135; 143
140; 136
176; 36
153; 109
163; 78
158; 65
171; 52
184; 50
187; 47
156; 153
141; 230
169; 91
159; 161
150; 188
185; 52
162; 183
198; 32
157; 161
180; 103
175; 135
170; 127
167; 185
174; 153
196; 102
178; 155
182; 170
192; 102
211; 15
165; 227
202; 66
183; 169
209; 73
149; 339
160; 262
179; 228
186; 180
204; 95
201; 106
145; 356
207; 110
194; 136
154; 323
172; 273
188; 177
181; 233
168; 251
164; 286
177; 291
220; 39
161; 360
197; 180
225; 47
224; 50
217; 99
208; 185
210; 184
191; 238
233; 23
231; 27
214; 201
189; 250
215; 171
206; 247
200; 255
222; 132
190; 328
241; 32
229; 121
199; 277
203; 228
235; 61
166; 466
219; 158
228; 123
238; 101
239; 79
193; 348
173; 459
212; 218
213; 268
237; 45
223; 126
246; 14
226; 177
234; 122
221; 200
230; 136
205; 297
236; 105
218; 252
195; 348
240; 104
242; 86
216; 297
245; 50
258; 11
243; 104
249; 55
247; 30
260; 31
248; 40
251; 54
232; 217
256; 53
259; 25
261; 28
262; 32
250; 79
254; 70
253; 107
264; 28
227; 278
244; 137
255; 97
267; 37
263; 70
257; 106
270; 43
268; 28
276; 19
252; 138
265; 50
272; 45
269; 39
275; 51
274; 35
279; 6
266; 80
271; 50
273; 56
281; 6
278; 10
289; 0
282; 5
277; 32
292; 16
288; 10
296; 5
293; 1
294; 22
285; 42
284; 45
280; 91
286; 55
304; 10
298; 19
290; 85
283; 81
299; 62
308; 13
300; 38
302; 37
297; 37
287; 79
307; 33
303; 29
295; 67
291; 85
306; 41
305; 28
310; 15
301; 62
314; 0
311; 9
309; 22
312; 4
316; 6
320; 4
323; 7
313; 5
319; 7
317; 3
315; 18
325; 2
322; 10
327; 24
324; 23
331; 28
335; 0
321; 33
330; 17
332; 7
336; 0
318; 40
326; 15
334; 9
328; 12
329; 25
341; 5
338; 3
340; 0
333; 33
339; 2
344; 11
337; 26
347; 4
342; 6
346; 13
345; 20
351; 4
350; 15
356; 1
343; 24
349; 12
352; 10
348; 5
353; 9
354; 12
357; 15
355; 3
359; 10
361; 0
358; 9
360; 3
364; 2
369; 2
366; 0
362; 27
367; 2
370; 17
363; 41
376; 14
371; 17
365; 39
372; 18
375; 19
373; 6
374; 28
379; 3
368; 34
377; 10
378; 7
382; 0
381; 2
384; 0
380; 10
383; 5
386; 1
387; 3
385; 4
389; 0
388; 4
390; 3
391; 0
392; 8
396; 0
399; 0
397; 0
394; 16
403; 19
395; 11
393; 28
400; 4
405; 20
407; 15
398; 9
404; 16
401; 5
412; 1
402; 8
406; 3
411; 2
409; 2
413; 2
410; 0
414; 20
408; 61
422; 21
416; 26
415; 57
430; 12
428; 26
419; 46
417; 49
426; 40
427; 25
418; 80
431; 54
420; 67
421; 119
424; 70
436; 44
429; 64
432; 41
434; 73
423; 116
448; 6
443; 11
444; 20
438; 68
442; 73
446; 56
458; 11
455; 19
441; 83
437; 89
456; 20
439; 86
453; 31
452; 60
447; 84
445; 68
454; 17
440; 130
451; 111
463; 25
449; 120
465; 68
435; 179
464; 69
433; 224
425; 262
461; 99
450; 133
476; 17
462; 86
474; 4
457; 97
460; 91
472; 52
459; 122
477; 24
471; 53
466; 66
473; 30
470; 16
481; 11
485; 12
468; 81
483; 20
490; 4
478; 56
475; 46
492; 13
482; 26
480; 26
467; 140
487; 25
486; 8
491; 22
493; 21
484; 45
495; 5
479; 48
496; 11
469; 155
502; 23
498; 28
503; 17
489; 99
499; 37
501; 35
511; 40
508; 19
494; 103
512; 22
514; 34
507; 21
516; 5
510; 30
497; 59
488; 118
506; 61
500; 71
513; 36
505; 60
509; 43
504; 59
515; 16
519; 0
518; 0
521; 0
517; 4
523; 0
520; 0
524; 0
528; 6
522; 17
530; 1
541; 1
536; 32
539; 27
526; 56
531; 58
529; 59
542; 20
527; 91
525; 104
544; 32
534; 87
533; 67
532; 49
535; 25
538; 46
546; 17
551; 30
550; 42
562; 12
561; 27
558; 31
540; 72
549; 47
543; 82
553; 30
537; 121
566; 12
571; 12
545; 53
556; 99
560; 68
554; 94
547; 135
577; 7
567; 34
575; 13
557; 73
569; 59
578; 34
564; 104
582; 3
563; 111
559; 131
572; 95
565; 99
552; 155
580; 35
579; 70
548; 203
583; 39
574; 122
576; 120
570; 166
568; 185
589; 49
593; 72
573; 145
592; 75
605; 24
588; 82
590; 76
602; 26
555; 244
599; 80
600; 49
585; 149
618; 13
596; 85
581; 184
591; 119
604; 111
594; 165
622; 61
595; 176
623; 83
608; 94
607; 126
617; 53
606; 162
612; 145
621; 102
587; 282
636; 42
584; 313
635; 70
629; 165
609; 212
603; 257
614; 200
626; 153
586; 373
611; 230
619; 201
615; 224
601; 264
638; 141
645; 61
642; 85
646; 107
634; 142
639; 151
648; 122
641; 160
633; 215
598; 408
647; 125
676; 5
666; 18
630; 208
653; 107
663; 65
637; 210
625; 283
667; 94
628; 277
627; 287
613; 304
658; 166
664; 127
652; 136
662; 134
679; 25
656; 171
632; 254
673; 92
610; 415
631; 312
597; 505
659; 177
654; 193
651; 215
643; 219
674; 75
670; 108
620; 394
644; 278
661; 211
624; 396
660; 211
675; 162
616; 445
668; 234
680; 157
690; 85
713; 8
715; 6
692; 110
708; 46
701; 86
721; 13
712; 38
677; 229
672; 261
655; 332
671; 267
710; 55
720; 35
688; 203
685; 238
704; 119
686; 221
640; 460
678; 306
714; 88
665; 375
657; 437
716; 82
703; 130
684; 259
717; 77
683; 315
682; 299
724; 17
702; 157
699; 160
649; 465
728; 34
709; 150
719; 111
693; 256
681; 364
669; 419
694; 261
687; 312
735; 6
691; 313
737; 34
650; 508
743; 14
696; 315
733; 59
725; 104
700; 251
711; 257
723; 106
726; 128
734; 78
698; 328
705; 289
751; 34
740; 105
741; 76
731; 115
736; 71
718; 226
697; 338
706; 291
695; 387
707; 286
745; 95
744; 116
730; 147
689; 433
722; 240
747; 88
729; 126
746; 108
739; 108
738; 128
732; 136
742; 123
750; 83
754; 2
749; 67
727; 158
748; 110
755; 10
752; 34
758; 25
759; 29
757; 48
772; 14
764; 55
766; 50
763; 72
777; 51
767; 93
776; 72
765; 94
770; 78
761; 123
775; 99
768; 114
773; 111
779; 112
760; 168
774; 105
780; 108
798; 41
792; 78
791; 61
778; 165
753; 235
771; 152
762; 229
794; 90
796; 49
782; 140
756; 234
785; 125
811; 17
793; 122
788; 109
769; 218
781; 246
784; 146
807; 117
795; 171
809; 119
805; 154
803; 166
786; 272
790; 235
787; 282
817; 140
826; 56
815; 128
823; 80
804; 171
806; 179
810; 174
797; 235
800; 259
818; 144
828; 120
802; 257
801; 264
783; 399
850; 12
789; 344
813; 184
824; 129
842; 111
837; 120
808; 220
829; 139
825; 174
841; 57
814; 265
833; 110
821; 218
848; 57
799; 399
840; 132
839; 153
849; 128
857; 47
834; 217
858; 42
854; 97
844; 194
819; 299
836; 250
864; 87
872; 32
865; 81
874; 18
852; 160
827; 339
835; 279
847; 192
832; 292
838; 286
816; 429
820; 403
812; 483
855; 175
831; 324
873; 93
822; 436
871; 77
846; 271
867; 133
877; 82
875; 101
860; 210
853; 253
861; 216
856; 212
830; 414
880; 97
883; 59
879; 111
843; 380
886; 51
887; 48
859; 221
882; 129
890; 48
878; 113
894; 37
845; 350
884; 145
888; 81
885; 109
863; 275
870; 247
868; 221
866; 249
889; 50
869; 252
901; 53
897; 85
893; 94
876; 200
862; 333
891; 117
851; 443
881; 243
902; 92
909; 40
903; 58
908; 20
895; 113
892; 146
898; 147
911; 50
913; 35
899; 100
906; 82
918; 17
912; 32
915; 22
896; 147
905; 85
921; 13
910; 71
900; 117
922; 17
907; 75
919; 28
925; 1
914; 49
904; 122
927; 3
917; 21
916; 40
929; 1
924; 10
923; 8
930; 6
928; 9
936; 12
932; 33
933; 26
935; 35
931; 38
934; 23
920; 66
937; 7
926; 70
942; 14
950; 10
947; 27
941; 26
953; 17
949; 51
946; 29
944; 57
939; 39
960; 18
938; 78
940; 94
951; 30
959; 22
955; 68
957; 30
948; 74
943; 66
963; 9
969; 10
958; 64
962; 31
952; 67
965; 28
956; 110
945; 109
976; 0
964; 59
954; 129
968; 16
979; 2
966; 68
961; 102
967; 51
984; 32
978; 5
985; 29
975; 58
971; 67
997; 36
999; 30
977; 77
990; 59
1000; 66
981; 128
987; 99
991; 92
993; 103
998; 118
980; 159
982; 153
994; 78
972; 180
974; 162
983; 177
973; 179
986; 165
970; 229
992; 164
988; 170
996; 141
995; 224
989; 202
