4; 0
1; 0
2; 0
8; 0
5; 4
6; 0
3; 2
9; 6
10; 0
14; 0
7; 0
13; 0
11; 0
12; 6
18; 0
17; 0
15; 0
16; 0
19; 0
21; 0
20; 0
22; 0
23; 7
35; 12
38; 10
28; 14
27; 24
39; 22
41; 7
24; 32
30; 28
37; 44
34; 63
40; 58
33; 68
29; 114
25; 106
26; 105
49; 27
48; 19
36; 97
42; 57
44; 83
51; 30
31; 115
32; 113
45; 58
53; 12
54; 26
43; 80
50; 46
67; 29
69; 21
61; 42
66; 18
62; 49
57; 63
46; 134
47; 146
58; 49
64; 34
52; 77
55; 64
70; 47
68; 40
76; 0
72; 54
73; 61
59; 108
63; 103
74; 65
60; 105
75; 60
79; 49
71; 56
85; 10
65; 106
56; 185
77; 78
81; 34
90; 32
92; 10
83; 46
96; 16
91; 24
86; 65
80; 73
95; 20
93; 66
88; 93
89; 89
78; 146
101; 33
102; 56
84; 117
99; 59
105; 32
100; 66
82; 141
108; 39
110; 37
109; 67
94; 100
117; 1
107; 63
106; 80
98; 119
87; 127
112; 13
114; 9
113; 25
103; 82
111; 19
97; 103
120; 7
121; 0
104; 102
115; 26
118; 15
126; 1
125; 7
128; 1
129; 3
123; 4
132; 0
124; 4
119; 11
122; 2
116; 25
130; 3
127; 32
131; 15
137; 24
133; 10
134; 18
136; 35
145; 1
142; 43
141; 5
138; 23
135; 31
144; 10
139; 10
149; 1
143; 15
140; 65
154; 1
155; 0
148; 17
146; 12
151; 2
150; 1
147; 21
153; 12
160; 8
152; 6
166; 6
159; 18
156; 35
168; 8
163; 10
158; 42
161; 28
164; 28
157; 49
162; 30
165; 10
169; 17
167; 14
170; 9
173; 0
171; 2
174; 0
172; 6
180; 4
175; 3
176; 1
178; 0
182; 7
179; 9
181; 11
184; 3
177; 12
183; 6
185; 13
186; 3
187; 2
188; 0
191; 0
195; 0
192; 0
190; 0
196; 0
197; 0
189; 1
193; 9
211; 1
200; 18
194; 22
210; 22
207; 32
202; 28
206; 24
198; 31
199; 14
203; 32
209; 16
204; 46
208; 7
205; 49
214; 9
212; 16
201; 36
215; 2
218; 0
216; 2
213; 5
222; 2
217; 10
220; 3
221; 0
225; 0
219; 0
223; 0
226; 0
224; 0
230; 0
229; 0
228; 14
233; 0
234; 23
227; 9
236; 7
232; 7
231; 0
235; 5
240; 7
238; 11
237; 10
245; 4
241; 22
248; 9
256; 8
247; 22
258; 1
246; 49
244; 67
253; 39
239; 74
242; 87
250; 30
243; 77
249; 48
251; 65
260; 54
255; 56
265; 39
267; 23
271; 23
257; 45
261; 57
269; 10
276; 21
262; 74
266; 42
263; 76
254; 124
259; 102
252; 94
279; 27
264; 117
273; 46
275; 36
281; 8
285; 1
283; 14
270; 46
268; 77
278; 25
272; 46
284; 4
277; 27
274; 24
286; 1
280; 14
282; 14
293; 7
289; 18
294; 8
297; 10
292; 17
290; 32
288; 31
291; 34
287; 30
296; 3
295; 10
299; 0
303; 0
301; 5
298; 13
300; 7
304; 3
310; 1
308; 1
302; 4
311; 0
309; 4
305; 2
306; 0
307; 0
312; 0
318; 0
313; 3
316; 8
315; 6
321; 0
314; 6
317; 2
319; 0
322; 0
325; 15
320; 7
323; 7
328; 5
329; 0
332; 22
324; 34
333; 29
340; 36
346; 7
336; 23
342; 20
343; 28
335; 70
337; 82
350; 8
330; 77
331; 110
345; 42
326; 95
353; 17
327; 112
359; 0
341; 68
334; 103
344; 83
354; 66
368; 8
357; 66
360; 29
366; 33
348; 108
349; 154
355; 110
361; 55
364; 59
380; 15
358; 100
347; 172
362; 109
356; 107
370; 74
351; 144
338; 213
379; 35
369; 73
378; 40
339; 211
365; 105
372; 38
384; 20
352; 175
376; 37
373; 136
371; 117
393; 5
390; 58
363; 146
381; 77
375; 90
383; 88
386; 45
367; 167
387; 67
398; 13
374; 133
389; 114
385; 82
377; 159
394; 66
388; 110
404; 29
395; 50
382; 143
397; 44
392; 89
396; 71
400; 35
391; 90
414; 0
401; 39
403; 46
405; 76
410; 21
406; 53
411; 31
419; 16
407; 55
402; 86
399; 78
416; 21
420; 20
413; 34
417; 52
418; 27
424; 9
412; 51
409; 90
421; 16
415; 81
422; 25
425; 23
427; 14
408; 98
426; 12
428; 12
432; 9
431; 7
436; 0
423; 37
433; 2
438; 0
429; 7
440; 0
435; 0
441; 3
430; 13
437; 0
434; 1
439; 6
442; 0
443; 0
448; 2
447; 0
444; 0
445; 0
446; 0
451; 0
449; 0
453; 0
454; 3
450; 4
455; 8
452; 24
456; 2
465; 3
460; 49
457; 55
459; 43
472; 12
473; 28
468; 45
464; 46
480; 9
477; 37
467; 64
462; 89
471; 51
470; 81
490; 0
476; 20
469; 88
493; 5
475; 50
463; 134
483; 54
461; 187
488; 42
458; 197
500; 11
474; 117
466; 137
484; 100
492; 39
478; 124
498; 40
491; 46
502; 47
482; 97
487; 93
496; 79
481; 135
501; 41
507; 70
508; 42
494; 145
515; 55
511; 78
504; 140
530; 26
526; 60
506; 162
540; 37
505; 138
503; 141
531; 81
522; 94
497; 213
548; 15
479; 253
544; 53
495; 281
524; 150
555; 22
535; 135
546; 104
545; 110
550; 56
543; 115
558; 60
513; 254
571; 38
514; 285
519; 239
567; 46
510; 287
499; 325
532; 224
525; 293
516; 313
549; 200
523; 286
541; 236
565; 121
536; 257
581; 28
562; 131
512; 351
485; 478
537; 286
527; 351
486; 527
517; 423
572; 147
489; 494
584; 77
568; 172
582; 103
561; 179
542; 337
563; 225
590; 70
529; 378
547; 319
570; 171
554; 287
552; 250
579; 150
509; 451
518; 500
578; 167
534; 399
566; 268
538; 375
521; 488
580; 198
588; 112
560; 316
574; 203
573; 178
603; 14
528; 479
553; 358
533; 435
520; 508
595; 121
551; 384
576; 277
585; 165
593; 141
569; 307
592; 155
577; 279
597; 137
599; 59
583; 183
587; 201
596; 148
589; 178
604; 57
557; 356
586; 168
598; 74
559; 377
608; 15
609; 9
601; 73
605; 43
564; 350
575; 274
591; 181
539; 491
611; 21
600; 81
594; 180
606; 70
556; 403
612; 22
610; 24
607; 35
615; 1
614; 11
613; 4
619; 5
602; 98
616; 1
618; 0
617; 0
620; 8
624; 2
621; 10
623; 5
630; 11
629; 5
633; 14
632; 0
622; 10
626; 18
625; 15
628; 21
627; 30
635; 4
631; 12
638; 16
636; 5
634; 13
642; 0
644; 3
640; 8
641; 1
643; 0
639; 10
637; 23
646; 0
645; 0
651; 0
647; 1
648; 5
650; 1
649; 1
655; 0
652; 0
653; 1
656; 0
662; 1
660; 1
664; 0
657; 8
654; 0
658; 5
663; 0
661; 0
659; 0
669; 1
665; 6
667; 6
672; 9
671; 10
675; 9
666; 10
674; 5
681; 8
678; 30
676; 30
684; 7
680; 6
683; 21
682; 17
670; 48
668; 51
686; 32
673; 82
679; 65
695; 10
692; 51
688; 66
689; 53
685; 121
693; 78
696; 34
691; 40
690; 60
699; 48
677; 109
694; 38
687; 62
705; 4
702; 22
698; 55
708; 41
700; 41
706; 50
710; 39
701; 51
703; 31
697; 65
709; 44
704; 32
712; 19
716; 1
711; 35
707; 53
713; 11
715; 15
714; 3
717; 3
718; 0
720; 10
729; 7
719; 24
731; 4
722; 13
724; 31
727; 7
721; 31
726; 38
723; 41
730; 33
735; 6
733; 5
728; 19
725; 19
734; 1
740; 0
736; 0
732; 22
744; 0
750; 5
739; 25
746; 9
743; 0
738; 37
742; 23
737; 17
752; 0
747; 32
745; 20
741; 22
753; 3
748; 18
749; 3
754; 2
755; 4
759; 4
756; 7
765; 3
757; 0
764; 2
760; 0
763; 5
751; 6
758; 3
766; 2
769; 0
761; 3
775; 9
773; 1
767; 16
771; 12
770; 13
762; 6
768; 18
778; 21
774; 51
772; 10
777; 11
783; 10
787; 4
779; 16
780; 45
781; 29
784; 13
776; 121
786; 40
805; 13
799; 15
797; 26
792; 34
795; 42
782; 70
801; 20
804; 16
802; 22
811; 17
785; 71
788; 94
789; 59
790; 70
796; 66
813; 58
816; 19
800; 119
791; 138
815; 70
806; 93
808; 119
803; 77
823; 42
794; 103
835; 15
793; 155
810; 108
818; 92
814; 148
825; 98
817; 79
798; 192
819; 102
836; 55
831; 56
812; 176
843; 10
834; 89
840; 23
807; 206
842; 48
832; 87
845; 19
809; 207
850; 2
820; 155
821; 141
827; 136
837; 55
830; 130
822; 154
828; 125
833; 146
844; 65
838; 125
853; 28
826; 209
854; 74
841; 120
829; 205
848; 92
859; 79
869; 8
860; 60
849; 70
864; 25
824; 249
866; 11
867; 13
839; 195
857; 97
871; 44
852; 128
846; 165
875; 29
874; 71
858; 112
865; 84
881; 17
863; 121
851; 170
878; 38
882; 20
861; 148
856; 153
872; 73
855; 211
877; 87
884; 89
868; 115
889; 7
892; 5
870; 158
847; 311
873; 206
876; 141
886; 64
888; 46
879; 116
890; 62
862; 223
883; 113
880; 145
885; 101
903; 3
901; 26
900; 33
917; 4
912; 2
898; 80
922; 12
896; 90
895; 130
915; 51
934; 10
894; 143
932; 57
936; 24
893; 209
887; 246
931; 86
911; 165
947; 47
954; 28
902; 213
965; 35
935; 125
914; 227
921; 164
907; 293
919; 232
904; 292
951; 147
964; 44
952; 135
970; 32
918; 229
908; 333
905; 303
945; 169
950; 209
939; 224
925; 310
972; 112
897; 394
958; 158
962; 185
928; 349
916; 384
910; 413
948; 254
920; 308
942; 271
961; 227
963; 192
940; 320
957; 237
926; 371
967; 207
924; 430
988; 87
973; 152
906; 464
929; 433
997; 16
981; 134
899; 529
927; 424
990; 121
891; 567
913; 471
983; 203
989; 171
944; 401
995; 76
966; 305
993; 155
909; 583
968; 338
956; 400
946; 430
959; 391
960; 441
982; 286
974; 366
937; 530
985; 274
971; 347
975; 381
992; 279
994; 190
953; 559
955; 486
976; 373
1000; 215
984; 334
933; 628
923; 722
987; 404
943; 662
996; 301
999; 345
941; 703
930; 687
998; 363
978; 545
938; 711
991; 431
986; 482
969; 600
977; 565
979; 714
949; 1071
980; 1526
3; 0
6; 0
4; 0
2; 0
1; 0
5; 0
8; 0
7; 6
12; 6
11; 1
14; 18
16; 9
20; 1
17; 2
9; 6
15; 6
10; 23
22; 0
18; 4
13; 13
23; 0
19; 4
26; 0
21; 0
25; 0
24; 0
32; 0
29; 1
30; 3
35; 4
33; 11
28; 6
31; 4
36; 3
41; 1
34; 3
39; 1
44; 0
27; 17
37; 17
40; 3
38; 2
43; 6
42; 2
45; 0
49; 0
48; 0
46; 0
47; 0
50; 0
51; 0
55; 5
56; 0
52; 0
53; 1
58; 0
54; 0
59; 20
57; 39
63; 1
64; 3
65; 33
60; 32
61; 33
67; 27
72; 11
68; 15
62; 14
70; 3
69; 15
66; 17
79; 9
74; 2
73; 6
71; 12
76; 12
85; 7
77; 25
75; 37
78; 48
91; 17
87; 41
94; 5
83; 22
81; 46
82; 52
93; 21
80; 68
90; 43
84; 43
98; 6
96; 26
100; 7
101; 5
89; 51
86; 90
92; 51
95; 35
103; 35
88; 86
97; 33
106; 17
104; 27
105; 20
113; 21
114; 19
102; 50
117; 21
109; 23
107; 28
99; 92
110; 15
115; 24
111; 7
108; 37
112; 7
123; 0
119; 8
120; 3
118; 11
121; 0
116; 34
122; 6
128; 9
125; 5
124; 4
126; 17
127; 5
129; 0
131; 0
130; 0
136; 15
139; 12
147; 3
133; 33
132; 31
162; 2
135; 74
154; 67
151; 37
160; 31
143; 67
157; 68
137; 115
140; 153
142; 117
165; 56
141; 147
149; 100
172; 56
156; 132
138; 165
145; 123
168; 100
155; 116
134; 203
166; 99
150; 208
169; 132
161; 165
146; 228
159; 182
170; 119
163; 199
164; 155
171; 87
144; 211
158; 165
176; 103
175; 98
183; 53
193; 33
198; 24
174; 132
152; 210
148; 295
206; 34
184; 138
179; 120
185; 139
180; 160
167; 236
178; 156
204; 22
202; 64
190; 76
199; 50
186; 120
205; 62
194; 105
192; 111
188; 124
200; 58
173; 229
201; 119
177; 207
211; 61
153; 406
181; 233
196; 145
208; 127
216; 42
207; 110
187; 224
191; 181
213; 107
210; 101
189; 231
222; 58
219; 77
223; 81
214; 135
203; 205
218; 71
195; 250
229; 10
209; 184
212; 170
215; 123
221; 121
197; 221
182; 284
224; 78
225; 91
227; 34
232; 21
239; 22
226; 56
235; 55
243; 41
236; 58
233; 90
242; 63
220; 210
217; 234
240; 98
254; 40
245; 77
241; 82
251; 67
228; 129
238; 104
246; 120
253; 50
230; 143
260; 12
247; 98
234; 118
255; 67
248; 94
249; 105
252; 77
261; 39
257; 49
250; 131
258; 69
262; 12
244; 162
231; 178
259; 42
237; 159
263; 10
256; 80
264; 18
268; 14
265; 9
269; 1
266; 2
271; 13
270; 14
272; 16
275; 7
273; 32
279; 30
281; 45
274; 24
282; 54
267; 56
276; 39
284; 14
280; 27
277; 37
290; 18
285; 28
289; 55
287; 29
286; 44
283; 60
299; 18
294; 40
298; 24
304; 4
300; 54
293; 65
310; 18
295; 64
297; 66
305; 31
278; 128
291; 87
309; 37
292; 101
308; 22
288; 132
315; 30
302; 97
301; 93
303; 79
317; 32
316; 73
320; 40
322; 40
311; 77
335; 13
307; 131
336; 27
296; 146
319; 45
318; 45
334; 46
338; 30
342; 29
332; 67
341; 16
343; 8
323; 99
346; 8
329; 78
337; 76
314; 138
321; 129
326; 137
347; 3
349; 21
325; 141
327; 97
306; 220
344; 31
312; 187
333; 90
354; 19
331; 135
359; 53
353; 63
330; 137
313; 247
358; 51
364; 24
345; 105
328; 178
369; 34
339; 181
348; 140
366; 70
389; 33
394; 27
355; 136
362; 109
357; 105
399; 20
350; 164
381; 81
340; 264
408; 8
411; 13
361; 180
390; 112
373; 152
365; 218
398; 99
386; 122
363; 175
419; 33
392; 156
352; 273
368; 227
395; 195
351; 324
379; 225
402; 129
409; 125
416; 79
371; 266
403; 181
397; 195
377; 278
423; 56
407; 142
400; 177
356; 336
384; 293
383; 246
360; 393
393; 240
431; 29
380; 279
430; 37
396; 272
433; 16
404; 181
372; 332
324; 534
420; 121
412; 213
445; 15
435; 47
417; 236
413; 269
424; 176
427; 102
414; 250
401; 335
406; 303
370; 451
405; 288
422; 202
376; 409
429; 142
385; 390
378; 422
448; 87
453; 35
438; 135
442; 101
415; 288
451; 94
460; 30
375; 519
428; 203
461; 35
367; 529
432; 195
387; 452
382; 530
426; 276
434; 223
452; 115
474; 56
456; 110
477; 18
410; 433
468; 70
463; 106
441; 198
486; 1
472; 58
374; 603
388; 575
446; 210
457; 152
421; 342
391; 512
475; 57
418; 457
492; 25
473; 100
471; 133
458; 215
455; 209
484; 105
487; 55
465; 159
488; 53
437; 324
462; 216
447; 287
464; 199
495; 76
436; 350
450; 305
478; 140
454; 246
512; 9
494; 135
425; 443
470; 247
481; 197
459; 308
476; 220
467; 242
498; 89
496; 183
506; 99
480; 251
499; 105
440; 405
489; 169
483; 266
493; 218
485; 308
509; 165
514; 131
515; 145
443; 488
510; 150
508; 198
501; 219
518; 140
548; 11
504; 241
490; 331
479; 407
528; 123
439; 611
523; 144
491; 316
527; 158
522; 189
563; 2
505; 310
511; 289
530; 158
500; 317
466; 519
444; 643
541; 100
533; 186
545; 112
551; 101
535; 216
526; 267
503; 360
538; 177
502; 336
532; 219
539; 189
556; 112
449; 739
520; 325
536; 218
507; 387
560; 113
482; 565
525; 297
546; 190
497; 500
554; 166
547; 205
553; 195
577; 54
557; 182
589; 24
531; 314
513; 486
578; 84
572; 125
529; 391
597; 9
558; 202
544; 266
586; 86
552; 309
600; 42
534; 379
524; 427
521; 436
590; 118
540; 410
562; 248
537; 417
561; 276
559; 296
591; 116
567; 278
568; 222
519; 566
583; 148
549; 367
601; 75
609; 48
575; 215
610; 24
592; 158
602; 84
517; 600
569; 327
573; 290
579; 252
603; 133
555; 441
606; 116
582; 254
605; 149
574; 298
516; 652
543; 484
596; 187
571; 375
612; 66
607; 117
469; 940
542; 525
576; 350
588; 289
604; 156
622; 20
564; 487
599; 226
581; 337
617; 95
630; 52
594; 282
625; 46
587; 379
570; 428
619; 153
616; 160
580; 397
632; 35
550; 601
624; 109
621; 120
595; 335
614; 165
620; 171
584; 427
615; 199
611; 207
631; 83
638; 84
566; 592
656; 0
636; 113
647; 70
598; 411
650; 73
626; 155
565; 616
635; 133
623; 193
659; 25
608; 346
627; 221
634; 129
593; 471
654; 62
637; 161
643; 89
618; 283
639; 200
657; 70
642; 129
653; 140
649; 123
633; 226
585; 540
640; 192
629; 285
645; 146
655; 113
667; 60
628; 292
666; 62
671; 45
644; 176
663; 85
652; 150
665; 114
658; 124
670; 73
679; 64
613; 452
674; 61
646; 218
664; 108
678; 63
675; 73
673; 99
661; 98
648; 259
660; 192
707; 2
662; 181
706; 22
700; 22
689; 48
677; 127
676; 116
641; 345
705; 23
697; 102
687; 104
684; 106
686; 145
701; 107
695; 122
688; 106
669; 258
694; 154
698; 143
696; 164
693; 178
703; 166
690; 160
682; 211
711; 111
728; 48
714; 84
680; 251
672; 337
718; 142
708; 224
710; 239
716; 212
752; 18
651; 560
722; 205
691; 320
712; 230
739; 83
683; 319
702; 286
709; 283
737; 103
729; 141
715; 268
720; 232
753; 43
717; 231
725; 201
732; 164
736; 122
731; 145
746; 139
733; 187
749; 132
744; 118
730; 197
713; 345
765; 48
758; 105
774; 18
766; 77
769; 50
782; 1
755; 147
668; 642
745; 197
764; 108
775; 50
721; 366
762; 153
768; 123
692; 548
724; 371
759; 199
743; 285
776; 82
681; 632
763; 201
738; 319
807; 11
723; 428
793; 135
810; 20
750; 338
785; 183
797; 70
685; 729
783; 172
773; 226
771; 273
804; 72
704; 711
754; 387
748; 420
726; 539
735; 474
798; 123
813; 62
802; 174
800; 132
803; 130
791; 208
747; 448
772; 306
734; 517
789; 208
751; 437
784; 276
777; 281
741; 514
780; 323
811; 139
779; 319
786; 299
742; 562
699; 790
787; 268
828; 37
761; 473
825; 41
816; 112
719; 692
808; 193
821; 85
831; 45
796; 266
727; 641
805; 239
826; 94
809; 185
827; 112
792; 370
848; 48
757; 588
850; 40
760; 579
740; 709
812; 302
795; 389
815; 289
849; 94
830; 157
852; 60
822; 273
832; 165
829; 251
860; 44
871; 2
862; 78
846; 155
781; 595
854; 129
858; 79
856; 139
823; 284
756; 704
874; 7
843; 235
865; 80
820; 308
877; 16
844; 183
794; 517
853; 178
824; 353
788; 570
770; 708
864; 117
835; 262
857; 150
873; 80
801; 555
845; 309
818; 424
767; 784
836; 288
861; 158
814; 460
838; 315
834; 316
868; 132
817; 421
847; 249
778; 714
885; 20
872; 101
799; 594
790; 684
840; 350
889; 37
863; 225
881; 92
855; 290
819; 495
842; 355
837; 361
901; 13
869; 210
879; 139
876; 190
867; 275
866; 239
806; 692
882; 132
884; 111
903; 41
897; 72
870; 242
841; 394
880; 153
883; 174
839; 422
833; 503
859; 314
902; 71
911; 35
907; 39
899; 121
898; 127
908; 70
900; 127
886; 242
893; 177
894; 185
906; 116
914; 93
918; 81
896; 180
917; 67
904; 165
891; 278
905; 136
933; 38
887; 331
930; 83
922; 163
942; 32
919; 148
851; 639
890; 389
927; 132
928; 123
912; 262
940; 82
924; 188
913; 194
949; 9
925; 204
921; 209
951; 26
923; 190
934; 95
910; 270
920; 207
938; 111
892; 388
937; 95
888; 428
909; 280
926; 221
939; 134
960; 20
953; 21
948; 80
952; 82
878; 560
932; 224
935; 186
964; 31
895; 449
916; 299
931; 213
936; 173
966; 74
956; 96
943; 152
978; 30
915; 330
963; 97
929; 347
991; 50
959; 214
965; 179
994; 32
947; 221
974; 118
962; 190
972; 167
954; 234
875; 801
941; 354
984; 151
982; 137
980; 144
975; 166
973; 238
997; 98
977; 218
988; 193
957; 316
945; 424
987; 209
944; 416
967; 290
995; 223
969; 274
950; 420
961; 370
981; 289
976; 312
990; 232
993; 220
979; 377
958; 443
946; 577
968; 507
955; 578
996; 365
985; 414
970; 507
999; 350
998; 408
986; 441
1000; 394
992; 430
983; 569
989; 512
971; 672
1; 0
2; 0
3; 0
7; 4
8; 7
10; 0
14; 33
6; 52
15; 18
21; 0
19; 10
18; 29
11; 33
4; 73
5; 61
12; 44
17; 28
9; 49
20; 30
30; 18
28; 18
24; 13
16; 49
25; 18
26; 34
23; 35
13; 87
22; 23
33; 2
36; 2
27; 30
29; 30
32; 23
42; 0
38; 7
44; 7
34; 28
41; 26
57; 9
37; 45
39; 34
31; 98
63; 24
35; 75
40; 80
61; 39
49; 38
50; 43
60; 37
51; 109
54; 93
43; 85
45; 106
74; 21
66; 77
59; 83
68; 42
62; 60
76; 37
79; 29
47; 167
70; 38
55; 119
69; 80
71; 43
58; 130
52; 143
64; 114
80; 35
75; 76
84; 36
65; 147
86; 18
48; 205
46; 209
81; 46
72; 73
82; 64
78; 77
89; 1
53; 166
88; 9
77; 123
73; 110
85; 25
67; 154
95; 2
93; 21
90; 13
94; 11
87; 39
56; 230
83; 93
92; 13
97; 0
91; 8
101; 0
96; 1
98; 2
99; 1
100; 2
102; 0
105; 1
103; 0
104; 0
107; 0
109; 0
108; 0
106; 0
110; 0
112; 0
113; 0
118; 6
117; 0
111; 3
120; 8
114; 9
116; 1
121; 8
119; 5
122; 4
123; 3
115; 9
129; 2
124; 5
128; 4
126; 14
131; 37
143; 16
125; 58
133; 29
144; 25
138; 27
127; 53
130; 73
134; 64
135; 31
137; 28
132; 49
142; 48
140; 80
141; 29
145; 11
136; 64
147; 9
148; 14
146; 23
139; 72
152; 9
154; 6
149; 19
151; 7
157; 10
156; 14
155; 1
150; 23
153; 27
158; 0
159; 0
161; 12
168; 9
175; 10
163; 7
165; 42
160; 39
164; 46
167; 63
169; 52
166; 118
170; 134
192; 21
179; 74
173; 75
172; 106
193; 26
177; 86
178; 74
187; 37
185; 55
162; 117
176; 110
181; 77
191; 66
180; 86
195; 1
182; 109
190; 102
184; 98
203; 13
174; 166
183; 145
189; 140
171; 204
186; 160
201; 70
199; 77
218; 20
198; 80
219; 14
223; 25
226; 40
197; 125
207; 100
208; 91
213; 103
217; 133
214; 130
202; 153
225; 55
206; 149
205; 195
204; 107
212; 142
209; 184
236; 30
200; 162
196; 211
231; 49
188; 324
194; 213
222; 117
221; 110
233; 71
210; 199
228; 110
229; 75
220; 141
224; 125
230; 57
211; 200
216; 192
234; 90
215; 159
240; 43
237; 18
239; 28
238; 16
244; 23
232; 110
245; 22
241; 31
250; 11
252; 10
235; 113
251; 23
256; 11
243; 17
227; 171
242; 27
253; 12
246; 15
257; 11
248; 6
254; 16
247; 10
258; 2
249; 29
255; 12
260; 0
259; 2
263; 0
261; 0
266; 0
262; 0
267; 0
265; 9
264; 8
275; 3
268; 7
272; 11
273; 23
269; 43
271; 76
270; 69
285; 40
278; 88
286; 50
282; 48
290; 26
274; 77
279; 82
284; 38
277; 86
283; 53
280; 65
276; 70
281; 62
295; 18
293; 15
298; 15
291; 45
289; 46
287; 36
299; 15
296; 6
300; 0
288; 59
301; 2
292; 41
297; 15
294; 16
302; 1
303; 1
312; 1
318; 2
320; 4
309; 46
319; 13
313; 57
324; 21
314; 56
321; 24
304; 61
305; 71
308; 96
322; 36
326; 21
316; 43
317; 41
311; 73
323; 53
315; 54
325; 41
330; 15
333; 39
327; 31
332; 7
306; 106
328; 56
331; 24
329; 68
336; 15
307; 134
337; 15
344; 6
340; 23
346; 10
339; 53
354; 11
343; 30
352; 12
341; 41
350; 4
351; 27
338; 73
345; 28
335; 87
310; 169
334; 79
349; 27
347; 27
348; 23
342; 42
355; 30
353; 35
356; 9
357; 12
358; 19
363; 5
362; 9
359; 8
361; 3
360; 24
364; 4
366; 1
367; 0
368; 0
365; 2
375; 3
370; 1
369; 5
371; 18
380; 0
374; 31
378; 22
372; 15
373; 25
382; 11
385; 9
379; 12
377; 7
386; 27
381; 29
389; 14
376; 40
390; 8
388; 10
384; 24
393; 7
383; 23
397; 5
394; 14
396; 20
395; 13
392; 43
387; 22
391; 49
401; 14
406; 9
398; 12
407; 18
402; 9
400; 12
410; 5
399; 51
408; 10
409; 5
403; 40
412; 9
404; 45
415; 12
411; 11
416; 10
414; 6
405; 46
418; 0
420; 0
422; 0
417; 5
421; 7
413; 11
419; 1
426; 0
427; 0
424; 0
425; 0
430; 1
423; 6
428; 1
429; 3
435; 6
432; 26
431; 34
441; 8
442; 8
437; 17
434; 8
433; 18
436; 4
440; 2
439; 17
443; 0
438; 15
444; 2
446; 0
445; 1
452; 4
451; 4
450; 2
458; 1
448; 31
455; 15
447; 23
449; 17
457; 23
467; 9
454; 51
466; 22
464; 16
462; 19
469; 11
456; 52
465; 24
459; 33
453; 56
461; 45
460; 49
470; 29
472; 5
473; 9
477; 11
463; 32
475; 29
468; 42
481; 5
479; 4
478; 23
483; 8
474; 46
471; 42
484; 23
486; 16
480; 40
490; 0
476; 44
488; 7
482; 7
492; 0
485; 23
489; 15
491; 11
487; 29
494; 0
497; 9
495; 3
496; 9
493; 2
498; 0
504; 0
503; 0
499; 0
502; 0
507; 1
508; 8
510; 8
500; 15
501; 31
521; 3
515; 30
517; 16
520; 30
511; 54
505; 81
514; 53
516; 93
531; 9
506; 80
519; 79
532; 14
527; 50
526; 53
533; 18
534; 9
523; 77
509; 121
518; 88
513; 84
535; 29
512; 80
522; 90
539; 4
536; 13
540; 3
538; 8
530; 40
537; 14
524; 83
529; 38
525; 73
543; 19
547; 20
528; 71
542; 4
546; 5
545; 6
549; 3
548; 30
541; 12
544; 28
552; 0
554; 0
550; 3
551; 4
556; 0
553; 0
561; 0
560; 4
557; 0
563; 2
558; 2
555; 0
565; 0
562; 0
559; 5
564; 1
566; 0
569; 0
568; 0
567; 0
571; 0
570; 0
576; 2
572; 2
583; 4
573; 8
578; 6
574; 15
579; 10
582; 28
589; 4
577; 4
585; 19
575; 15
580; 29
584; 48
594; 16
581; 30
588; 26
587; 7
591; 38
597; 33
602; 23
599; 26
593; 40
609; 3
598; 28
586; 80
606; 11
600; 18
610; 22
601; 53
592; 86
595; 106
607; 8
596; 116
605; 57
590; 148
603; 79
614; 46
604; 77
620; 10
615; 27
622; 19
613; 48
633; 6
618; 56
621; 26
617; 89
630; 42
612; 97
624; 65
608; 112
639; 5
625; 47
611; 113
632; 63
629; 81
626; 71
640; 62
619; 147
634; 81
627; 80
635; 85
638; 55
616; 151
623; 146
664; 20
655; 30
645; 78
651; 43
663; 31
631; 206
644; 165
647; 136
642; 130
656; 104
670; 58
649; 131
652; 183
657; 123
653; 128
672; 52
671; 37
654; 167
677; 29
636; 174
646; 210
628; 222
679; 41
680; 27
675; 30
684; 25
659; 151
668; 93
660; 125
661; 141
637; 231
650; 217
676; 27
673; 98
641; 194
658; 122
662; 169
666; 123
686; 23
696; 2
648; 200
643; 215
667; 133
674; 138
682; 100
688; 49
681; 180
700; 58
699; 37
692; 81
678; 179
669; 229
704; 55
693; 109
697; 99
702; 27
690; 137
706; 50
707; 19
705; 61
683; 215
687; 147
685; 206
703; 102
709; 90
711; 86
701; 171
713; 82
689; 181
733; 26
694; 139
727; 52
698; 192
732; 34
722; 65
712; 111
691; 230
734; 5
714; 122
723; 65
739; 13
729; 66
720; 90
726; 71
695; 230
724; 92
740; 29
725; 118
719; 84
715; 113
721; 78
710; 168
738; 20
731; 59
737; 49
745; 10
716; 108
665; 435
717; 82
708; 162
728; 99
730; 56
748; 32
718; 154
751; 28
747; 32
742; 60
741; 50
736; 73
756; 5
743; 74
746; 84
759; 5
754; 30
749; 10
755; 25
752; 17
758; 7
750; 38
744; 81
735; 130
769; 12
768; 20
761; 37
763; 23
753; 55
771; 4
757; 53
760; 39
764; 36
773; 7
765; 26
766; 10
772; 3
762; 42
770; 28
767; 15
774; 0
777; 0
776; 0
775; 0
780; 1
778; 3
783; 2
787; 7
781; 4
779; 62
785; 53
801; 25
784; 72
795; 38
782; 125
788; 95
799; 38
798; 46
800; 82
796; 80
790; 108
804; 43
797; 81
786; 126
807; 57
794; 108
808; 96
806; 62
816; 23
810; 48
815; 56
813; 31
812; 66
791; 166
809; 116
811; 62
792; 209
823; 18
819; 16
803; 94
793; 193
827; 1
821; 32
817; 63
820; 14
822; 40
818; 62
824; 10
802; 154
825; 22
805; 140
829; 3
831; 0
814; 108
826; 6
789; 221
833; 0
835; 2
828; 12
837; 1
834; 0
832; 0
840; 0
830; 9
838; 8
836; 6
844; 6
842; 7
839; 2
845; 9
846; 6
841; 0
843; 13
849; 0
847; 4
848; 1
850; 0
851; 0
854; 1
856; 0
853; 0
852; 1
859; 0
855; 0
858; 0
860; 0
857; 0
862; 0
861; 0
865; 0
863; 0
864; 6
866; 0
868; 0
869; 0
870; 7
874; 0
867; 4
872; 0
873; 0
871; 8
875; 0
876; 6
879; 11
877; 12
881; 20
885; 17
882; 17
880; 16
884; 3
892; 2
890; 0
883; 15
887; 19
889; 11
894; 13
888; 21
895; 15
878; 27
886; 15
891; 28
906; 9
909; 14
912; 11
916; 16
904; 80
905; 97
902; 132
911; 95
921; 81
925; 62
898; 122
893; 167
899; 134
936; 20
903; 124
896; 166
922; 100
907; 142
913; 116
926; 59
930; 57
929; 62
914; 130
938; 29
897; 206
935; 47
923; 152
917; 173
900; 200
924; 134
915; 145
940; 11
942; 21
928; 144
919; 195
918; 163
927; 110
939; 52
920; 160
908; 170
941; 22
934; 95
945; 14
901; 236
931; 123
944; 33
910; 193
937; 74
933; 101
946; 36
943; 46
950; 0
932; 118
948; 2
956; 8
947; 21
952; 7
954; 27
949; 14
951; 3
961; 1
953; 39
965; 9
963; 7
968; 14
959; 29
958; 19
970; 5
969; 10
966; 57
962; 42
957; 54
964; 42
960; 50
955; 66
973; 50
974; 22
976; 28
980; 2
982; 18
972; 68
979; 10
975; 52
971; 80
989; 11
991; 14
987; 65
993; 45
984; 69
990; 51
981; 65
994; 46
992; 32
983; 59
967; 155
988; 78
1000; 28
996; 39
977; 130
978; 148
999; 27
997; 81
995; 69
998; 59
985; 102
986; 206
1; 0
2; 0
3; 4
12; 10
6; 17
4; 20
8; 1
5; 9
11; 7
10; 2
9; 2
7; 10
13; 0
14; 0
17; 0
18; 0
15; 0
16; 0
20; 9
19; 1
23; 1
25; 1
21; 10
27; 17
22; 18
28; 15
32; 18
30; 41
34; 13
26; 39
39; 9
33; 9
24; 54
37; 11
38; 17
36; 20
29; 35
35; 29
45; 0
31; 25
46; 1
40; 21
44; 0
43; 4
47; 0
41; 4
42; 6
52; 6
55; 0
50; 1
51; 5
53; 4
60; 0
48; 0
49; 8
57; 2
63; 0
56; 1
54; 20
68; 3
58; 10
65; 2
61; 0
64; 0
66; 5
70; 6
79; 2
75; 7
67; 31
69; 75
84; 42
62; 77
59; 106
78; 57
74; 66
73; 96
72; 89
82; 74
80; 44
81; 67
71; 101
87; 10
94; 15
86; 78
96; 34
77; 109
88; 49
90; 45
105; 18
115; 9
113; 27
85; 120
104; 11
108; 28
89; 70
98; 49
76; 164
107; 76
106; 78
101; 91
83; 145
100; 98
109; 63
95; 67
103; 68
97; 65
114; 29
92; 84
99; 92
119; 0
117; 21
116; 6
91; 121
93; 67
102; 85
112; 23
120; 0
121; 0
111; 70
123; 0
118; 51
135; 9
128; 9
110; 104
125; 19
124; 14
136; 15
127; 27
134; 14
122; 21
126; 50
129; 30
131; 59
138; 28
139; 6
143; 22
142; 26
140; 50
130; 77
137; 27
141; 37
151; 8
132; 102
150; 5
147; 9
133; 111
145; 27
146; 14
149; 8
144; 43
152; 6
148; 13
153; 2
154; 0
155; 5
158; 1
157; 5
161; 17
162; 16
160; 24
163; 5
165; 28
169; 23
159; 22
168; 37
156; 64
170; 9
167; 44
177; 3
175; 25
166; 45
164; 42
171; 15
172; 32
174; 75
178; 62
189; 32
201; 13
182; 93
176; 91
192; 68
198; 57
186; 102
202; 31
179; 97
191; 79
209; 31
213; 17
173; 183
200; 94
196; 104
203; 115
183; 162
187; 154
216; 49
204; 137
214; 85
193; 178
199; 174
194; 172
219; 85
197; 163
225; 33
195; 174
206; 142
208; 114
211; 169
181; 219
205; 145
212; 130
221; 54
207; 136
185; 270
184; 204
218; 111
220; 120
190; 233
223; 32
188; 240
210; 182
180; 296
226; 52
215; 166
230; 18
237; 6
236; 4
222; 78
231; 46
224; 73
238; 1
232; 6
228; 55
234; 42
233; 51
217; 207
229; 87
227; 104
241; 50
243; 23
242; 33
249; 5
246; 48
239; 56
251; 11
248; 50
240; 66
235; 100
259; 3
260; 8
244; 55
252; 24
254; 25
256; 23
247; 61
253; 35
262; 8
245; 72
263; 12
258; 24
257; 31
265; 1
268; 0
250; 43
266; 0
255; 37
261; 9
264; 11
274; 3
270; 5
269; 6
278; 1
267; 25
276; 2
279; 24
275; 26
271; 9
272; 43
283; 20
285; 32
280; 34
286; 24
287; 19
277; 67
282; 32
291; 33
281; 45
294; 17
273; 100
289; 43
284; 48
292; 29
293; 54
288; 68
302; 15
296; 32
295; 35
297; 45
290; 46
299; 51
305; 22
301; 34
303; 21
304; 48
300; 61
307; 52
298; 55
306; 66
309; 59
313; 35
320; 11
317; 17
318; 48
310; 73
312; 52
321; 16
324; 19
319; 25
322; 43
315; 75
316; 79
325; 19
314; 56
326; 30
311; 70
323; 65
308; 166
345; 3
327; 31
336; 69
330; 34
354; 12
328; 90
339; 43
349; 58
352; 45
341; 80
361; 41
357; 32
350; 67
331; 83
353; 49
362; 59
335; 126
342; 90
332; 129
351; 125
376; 7
359; 71
363; 106
337; 150
334; 166
355; 116
340; 186
366; 135
369; 98
370; 130
364; 173
386; 53
381; 87
329; 282
367; 188
346; 247
360; 208
347; 275
333; 315
365; 190
338; 307
387; 115
373; 213
389; 112
414; 20
397; 110
388; 186
394; 123
398; 123
391; 149
378; 241
384; 182
404; 115
348; 392
375; 270
399; 137
383; 224
368; 346
343; 451
412; 117
358; 432
424; 73
403; 138
356; 447
407; 173
380; 291
390; 239
406; 182
401; 257
410; 181
438; 31
428; 106
411; 173
395; 214
379; 375
416; 132
429; 117
392; 269
434; 90
441; 30
419; 192
436; 119
417; 187
420; 193
344; 606
430; 167
427; 162
396; 311
435; 155
408; 284
449; 34
377; 502
372; 576
459; 33
393; 388
443; 108
409; 350
415; 315
454; 57
374; 555
432; 219
462; 26
413; 362
461; 81
442; 201
382; 543
447; 109
456; 124
440; 202
422; 319
460; 71
471; 40
371; 632
433; 281
423; 377
425; 379
446; 262
385; 568
402; 508
457; 134
465; 110
400; 498
421; 379
439; 241
426; 376
467; 140
476; 62
484; 1
452; 246
431; 430
437; 365
405; 582
463; 197
473; 146
472; 148
500; 2
466; 197
475; 144
458; 248
489; 64
498; 37
479; 140
445; 373
491; 77
483; 100
451; 330
502; 57
505; 13
418; 618
469; 215
464; 287
506; 66
495; 87
450; 381
485; 133
494; 105
487; 135
455; 351
504; 105
499; 102
448; 437
477; 247
486; 239
520; 64
515; 99
496; 253
532; 10
528; 67
488; 285
481; 331
530; 86
480; 355
453; 520
474; 446
444; 663
536; 47
540; 19
518; 151
482; 352
468; 504
524; 149
503; 321
511; 187
501; 300
517; 233
545; 26
497; 358
526; 140
529; 146
514; 236
527; 169
538; 90
470; 498
493; 355
534; 185
510; 334
560; 32
522; 286
531; 191
507; 397
508; 364
541; 124
550; 97
554; 49
521; 269
565; 30
490; 463
561; 110
544; 162
523; 323
542; 173
537; 208
551; 170
492; 544
582; 12
564; 98
552; 148
562; 150
571; 45
535; 278
533; 305
513; 458
549; 188
516; 405
570; 73
525; 395
587; 50
568; 152
590; 18
478; 690
588; 68
557; 194
610; 3
603; 36
573; 171
583; 92
543; 265
539; 368
566; 171
558; 298
585; 116
617; 31
608; 33
593; 92
548; 344
606; 98
607; 63
632; 23
604; 105
613; 101
563; 316
586; 177
611; 120
553; 357
605; 135
621; 69
602; 181
512; 648
555; 391
639; 43
546; 458
600; 224
589; 245
591; 220
622; 139
646; 26
579; 332
601; 247
519; 746
637; 100
576; 333
614; 250
652; 66
556; 488
580; 357
645; 115
626; 171
620; 246
640; 130
581; 397
625; 204
596; 362
559; 534
648; 92
651; 101
643; 145
634; 226
598; 341
647; 118
641; 193
635; 253
631; 264
575; 415
572; 477
577; 425
567; 539
628; 280
671; 57
674; 32
655; 142
594; 461
629; 358
644; 260
663; 122
619; 375
662; 139
592; 478
509; 1002
623; 415
609; 460
664; 157
578; 593
627; 413
653; 242
673; 106
683; 78
547; 772
667; 156
636; 385
681; 118
691; 36
659; 210
665; 231
672; 152
569; 719
670; 156
676; 128
661; 256
597; 562
615; 473
642; 391
679; 109
650; 310
618; 520
574; 650
682; 164
657; 339
612; 583
687; 147
685; 132
595; 626
717; 3
705; 85
654; 375
726; 2
686; 227
678; 313
666; 369
677; 295
584; 769
660; 414
675; 261
708; 108
697; 217
710; 166
689; 280
734; 70
733; 107
736; 89
688; 303
709; 208
633; 682
668; 483
721; 160
740; 43
747; 24
669; 484
712; 216
703; 230
599; 862
692; 341
680; 402
719; 234
725; 201
718; 270
753; 97
752; 88
616; 816
766; 72
723; 303
695; 393
741; 178
656; 732
730; 279
701; 420
761; 105
732; 286
702; 390
767; 55
748; 134
714; 323
704; 423
696; 445
693; 518
630; 892
779; 45
684; 538
757; 187
729; 314
698; 458
715; 402
775; 67
706; 435
751; 225
690; 560
768; 170
722; 378
737; 333
724; 371
744; 277
738; 308
700; 474
742; 308
754; 239
658; 792
649; 847
694; 590
731; 427
774; 126
739; 370
791; 24
769; 225
624; 1040
746; 293
778; 83
713; 516
745; 306
756; 263
720; 450
759; 256
785; 121
728; 470
770; 213
780; 126
811; 23
805; 68
788; 140
781; 144
711; 612
638; 1082
799; 157
771; 334
764; 336
727; 584
810; 86
800; 155
755; 423
743; 484
831; 11
830; 41
798; 175
796; 192
803; 210
765; 442
776; 358
735; 630
786; 315
801; 256
826; 88
772; 469
699; 773
789; 299
840; 60
821; 220
844; 67
807; 254
838; 98
784; 416
804; 289
792; 347
850; 53
827; 176
812; 291
819; 257
851; 51
716; 810
837; 132
859; 12
836; 155
763; 556
762; 622
824; 190
813; 291
790; 377
860; 42
815; 316
760; 621
795; 360
802; 397
855; 86
793; 406
787; 466
832; 268
750; 708
814; 372
842; 168
773; 627
846; 180
834; 281
828; 271
782; 532
794; 507
835; 312
797; 467
856; 125
868; 72
845; 253
817; 428
818; 404
848; 197
839; 273
841; 308
783; 614
854; 198
866; 71
809; 489
858; 155
873; 81
876; 94
852; 274
849; 276
857; 187
806; 501
822; 456
847; 321
843; 350
862; 150
881; 43
749; 871
833; 400
874; 127
829; 445
758; 885
870; 147
707; 1139
777; 758
888; 48
864; 226
883; 87
861; 286
904; 18
887; 85
825; 575
895; 97
853; 405
872; 216
890; 109
867; 270
871; 309
823; 595
889; 164
884; 170
820; 643
894; 147
816; 664
899; 125
877; 253
918; 38
880; 234
865; 397
875; 293
878; 293
924; 12
892; 142
891; 222
909; 128
908; 152
934; 10
882; 271
913; 168
902; 191
939; 27
916; 114
808; 863
915; 149
922; 113
879; 341
885; 334
914; 148
932; 35
903; 206
921; 102
897; 235
912; 167
935; 85
893; 285
920; 186
927; 102
936; 138
911; 210
945; 84
907; 283
901; 288
949; 41
930; 143
906; 346
944; 105
960; 14
898; 355
959; 17
947; 137
929; 184
905; 330
919; 296
928; 235
948; 129
869; 592
917; 323
931; 199
937; 175
946; 117
910; 331
923; 259
940; 143
952; 73
863; 649
951; 106
938; 203
943; 163
962; 19
896; 451
953; 71
925; 257
886; 471
950; 155
961; 35
942; 202
966; 36
900; 414
963; 34
955; 126
958; 86
956; 115
964; 31
933; 299
973; 11
970; 22
975; 17
968; 37
954; 201
969; 47
978; 5
941; 251
983; 6
926; 341
957; 177
977; 52
965; 130
972; 55
980; 16
988; 6
974; 72
994; 2
990; 19
976; 119
986; 28
979; 93
991; 45
971; 135
989; 64
993; 7
982; 75
981; 71
997; 37
984; 56
967; 178
985; 71
987; 46
992; 36
995; 41
999; 11
996; 16
1000; 42
998; 45
1; 0
3; 0
2; 0
4; 0
5; 1
10; 2
7; 0
6; 1
9; 0
12; 1
13; 0
17; 3
14; 2
8; 2
16; 5
11; 1
19; 0
18; 0
15; 1
24; 0
20; 7
25; 7
26; 9
27; 2
22; 3
23; 10
21; 0
29; 0
31; 0
28; 3
32; 44
40; 29
42; 39
35; 50
30; 55
33; 44
38; 18
41; 28
36; 58
39; 40
34; 49
37; 39
43; 2
45; 2
46; 0
47; 0
50; 1
44; 0
48; 0
51; 7
53; 5
49; 21
61; 5
62; 3
55; 13
56; 11
65; 14
60; 18
58; 13
54; 17
59; 35
68; 11
52; 45
57; 32
63; 24
67; 4
70; 6
71; 16
66; 16
76; 16
69; 28
73; 14
77; 9
72; 36
75; 39
86; 50
87; 40
64; 116
82; 50
81; 67
74; 84
89; 62
85; 61
96; 21
92; 60
84; 129
103; 12
80; 112
97; 65
78; 140
91; 78
102; 14
90; 75
83; 122
100; 41
94; 87
88; 76
93; 76
95; 66
79; 121
98; 55
99; 41
101; 42
104; 11
105; 3
106; 3
110; 2
107; 0
108; 13
109; 8
112; 0
114; 0
111; 0
113; 0
118; 2
121; 0
115; 2
125; 20
128; 19
119; 7
116; 17
117; 53
132; 22
137; 22
143; 16
136; 20
127; 66
120; 77
122; 49
129; 62
133; 49
140; 64
131; 77
151; 2
134; 67
135; 85
130; 60
123; 125
148; 13
141; 72
142; 92
149; 60
147; 88
157; 51
165; 28
163; 51
160; 60
124; 197
126; 210
167; 42
144; 139
158; 106
178; 46
146; 160
169; 82
138; 226
173; 36
153; 175
172; 67
145; 192
139; 275
184; 6
177; 64
156; 190
179; 69
159; 174
182; 68
188; 52
170; 114
166; 170
164; 145
154; 223
168; 223
195; 64
183; 169
176; 233
162; 274
155; 321
150; 399
211; 82
196; 144
189; 173
194; 150
212; 98
209; 107
198; 156
175; 282
218; 45
202; 151
200; 143
161; 349
181; 265
208; 114
199; 176
203; 175
221; 21
192; 211
191; 159
201; 193
225; 13
186; 266
206; 180
152; 454
205; 186
204; 162
210; 147
224; 16
190; 295
187; 290
223; 91
185; 315
245; 29
232; 62
229; 77
228; 83
227; 91
215; 167
197; 301
234; 100
255; 16
237; 55
238; 104
207; 295
219; 168
240; 132
236; 119
256; 34
214; 290
242; 86
248; 108
233; 155
244; 124
265; 21
231; 151
193; 392
171; 532
213; 327
252; 58
216; 294
263; 62
262; 62
174; 602
247; 165
180; 558
282; 21
271; 65
253; 179
250; 165
239; 223
249; 173
269; 83
277; 30
243; 241
273; 79
254; 206
260; 167
280; 30
246; 240
284; 71
295; 7
226; 323
267; 179
274; 119
217; 441
279; 120
268; 146
285; 144
264; 207
222; 438
272; 200
299; 59
286; 123
296; 97
261; 279
283; 184
251; 363
230; 449
270; 267
289; 157
275; 204
312; 53
278; 193
315; 26
306; 93
241; 450
309; 95
257; 379
291; 163
307; 88
276; 286
311; 101
259; 377
220; 580
235; 509
304; 140
301; 149
326; 28
302; 117
313; 88
298; 150
300; 202
294; 195
287; 272
333; 15
258; 430
323; 63
288; 295
339; 6
330; 35
290; 284
310; 178
303; 249
305; 213
314; 112
292; 274
281; 401
308; 234
293; 321
319; 199
342; 71
327; 162
338; 78
336; 135
322; 213
350; 99
329; 178
320; 261
347; 130
337; 185
321; 224
344; 136
349; 174
345; 197
316; 322
362; 82
366; 81
331; 275
334; 221
266; 632
317; 336
363; 123
324; 304
328; 239
352; 217
381; 1
348; 241
335; 326
318; 387
364; 131
332; 311
372; 127
346; 277
357; 237
359; 231
341; 270
355; 226
371; 113
351; 245
354; 233
353; 277
383; 72
388; 36
358; 259
368; 198
385; 96
340; 357
343; 294
356; 304
376; 153
325; 490
394; 76
367; 241
389; 92
391; 92
382; 173
374; 196
386; 123
393; 74
377; 185
370; 215
297; 659
379; 183
361; 280
373; 233
395; 138
398; 107
402; 96
407; 42
400; 123
365; 328
417; 18
406; 28
369; 336
416; 42
410; 59
409; 81
412; 44
396; 141
411; 65
428; 16
378; 274
405; 102
360; 459
390; 279
392; 238
425; 59
401; 176
422; 108
387; 293
404; 184
432; 71
384; 390
430; 100
408; 136
413; 184
380; 424
415; 185
418; 173
420; 161
446; 57
435; 90
439; 42
397; 303
429; 137
449; 38
421; 156
433; 120
419; 199
426; 172
443; 109
436; 127
440; 136
456; 32
450; 67
434; 150
459; 39
444; 161
414; 271
423; 211
424; 235
437; 210
466; 56
454; 141
399; 460
451; 150
442; 245
479; 53
455; 177
473; 81
448; 258
447; 256
431; 336
452; 174
458; 168
462; 137
465; 157
463; 156
470; 145
460; 164
467; 152
403; 478
427; 372
482; 29
490; 39
474; 126
464; 180
477; 107
475; 127
441; 354
457; 252
495; 45
453; 292
505; 70
445; 390
461; 250
487; 144
500; 97
480; 200
489; 150
496; 79
483; 167
438; 415
478; 219
521; 33
469; 265
529; 0
481; 206
494; 124
527; 24
375; 827
516; 108
514; 130
504; 155
502; 157
530; 44
510; 155
524; 90
518; 142
485; 258
542; 13
476; 323
539; 46
486; 282
522; 163
472; 354
540; 61
501; 255
471; 422
544; 73
515; 212
533; 139
511; 313
508; 278
492; 329
534; 176
488; 366
525; 220
528; 203
497; 321
512; 325
468; 549
526; 300
506; 353
565; 67
503; 360
519; 347
545; 166
561; 110
556; 133
543; 249
523; 328
536; 286
579; 110
581; 102
567; 142
548; 254
549; 209
550; 221
538; 316
580; 81
498; 515
557; 216
575; 159
507; 498
583; 130
541; 315
568; 205
531; 376
509; 516
560; 222
585; 168
558; 236
582; 180
588; 159
563; 245
520; 449
517; 516
576; 200
572; 251
570; 245
577; 234
595; 123
491; 642
547; 353
553; 370
513; 537
597; 132
499; 603
587; 216
493; 655
552; 361
596; 181
594; 180
574; 241
546; 409
559; 364
590; 253
622; 12
532; 497
609; 82
562; 348
586; 260
621; 20
571; 363
592; 283
625; 47
607; 102
616; 114
535; 540
605; 153
591; 327
602; 212
615; 132
634; 45
606; 194
589; 349
624; 96
600; 322
628; 125
632; 115
566; 505
618; 180
551; 614
617; 259
649; 69
612; 289
604; 321
601; 382
599; 415
639; 139
603; 318
633; 184
611; 293
664; 53
608; 345
662; 17
593; 468
661; 47
631; 212
667; 40
569; 627
644; 166
613; 313
619; 326
670; 45
598; 501
573; 608
630; 281
643; 228
658; 171
555; 780
672; 126
660; 168
537; 971
626; 378
554; 859
646; 285
665; 194
677; 163
669; 202
675; 137
636; 357
673; 178
629; 470
655; 310
610; 591
674; 185
676; 205
671; 195
651; 352
656; 317
648; 348
578; 855
688; 117
706; 46
698; 82
637; 448
635; 478
657; 310
620; 595
659; 342
686; 186
564; 918
690; 90
691; 127
584; 804
614; 605
695; 146
638; 471
484; 1340
681; 249
697; 140
705; 93
685; 226
687; 209
702; 138
684; 257
623; 628
642; 502
712; 88
666; 418
668; 372
678; 328
650; 467
704; 188
716; 127
689; 215
647; 513
725; 15
696; 237
718; 127
640; 562
717; 133
715; 125
654; 448
709; 167
729; 42
653; 505
728; 41
707; 225
713; 170
679; 408
682; 381
694; 315
680; 390
683; 417
721; 199
652; 562
722; 132
699; 281
641; 674
723; 140
711; 251
744; 27
703; 272
708; 300
760; 29
714; 342
755; 53
700; 381
730; 150
627; 826
758; 51
710; 341
737; 123
692; 452
740; 130
731; 177
741; 125
693; 435
733; 130
701; 412
759; 62
739; 157
757; 70
764; 74
746; 144
752; 132
770; 60
645; 865
734; 210
756; 131
769; 105
724; 359
751; 153
763; 139
772; 54
761; 148
753; 193
774; 71
778; 58
762; 148
719; 415
732; 287
720; 399
736; 277
748; 201
780; 33
787; 14
663; 772
782; 44
749; 240
735; 328
777; 75
771; 96
742; 312
743; 221
750; 227
796; 25
775; 127
793; 33
726; 393
773; 163
789; 73
797; 19
727; 451
768; 188
779; 102
788; 70
795; 50
781; 177
802; 2
801; 39
765; 290
790; 59
800; 33
754; 341
799; 56
810; 12
786; 111
792; 113
806; 45
738; 431
794; 92
747; 418
745; 411
811; 46
785; 197
791; 156
803; 95
776; 243
822; 5
784; 215
798; 152
809; 91
807; 95
814; 82
766; 329
767; 357
805; 126
783; 240
815; 29
808; 92
829; 5
823; 51
821; 47
826; 58
812; 120
804; 162
833; 31
825; 81
816; 117
818; 138
827; 63
838; 14
820; 134
819; 107
817; 152
830; 77
824; 135
850; 48
834; 102
861; 47
846; 63
835; 120
813; 272
853; 74
848; 106
837; 137
866; 41
847; 126
854; 97
844; 120
841; 157
856; 113
872; 27
839; 191
874; 14
859; 115
858; 113
836; 199
851; 147
864; 102
843; 168
873; 35
865; 81
849; 169
831; 205
868; 53
875; 38
832; 203
857; 171
876; 21
870; 63
852; 172
845; 193
855; 163
842; 240
863; 133
883; 24
891; 7
840; 247
867; 158
884; 23
882; 33
880; 58
886; 31
860; 170
869; 117
879; 71
877; 75
862; 158
878; 57
888; 20
890; 41
828; 347
889; 46
895; 37
881; 90
871; 138
892; 54
896; 50
903; 28
893; 64
901; 30
898; 33
910; 0
885; 108
897; 38
906; 42
887; 94
899; 59
900; 59
913; 10
909; 19
894; 146
904; 68
905; 64
912; 28
915; 35
911; 38
902; 65
914; 44
916; 30
908; 52
907; 66
917; 22
920; 10
921; 0
918; 15
919; 18
924; 0
928; 2
922; 4
925; 14
923; 9
931; 2
937; 1
926; 16
927; 7
930; 2
933; 18
929; 6
934; 9
938; 11
939; 3
941; 1
936; 29
932; 17
944; 8
935; 34
945; 3
949; 1
940; 17
946; 32
943; 33
942; 22
954; 17
953; 19
951; 32
950; 39
952; 48
956; 29
959; 17
947; 65
948; 50
957; 32
958; 14
960; 8
955; 36
962; 24
965; 13
978; 14
979; 26
982; 30
961; 89
975; 97
990; 52
969; 108
963; 118
987; 40
964; 131
971; 151
980; 98
974; 109
967; 132
988; 102
966; 197
986; 147
968; 201
973; 199
985; 127
977; 166
972; 215
993; 141
995; 137
981; 227
991; 167
976; 294
984; 255
999; 187
994; 250
996; 251
983; 364
992; 347
989; 406
970; 424
998; 378
1000; 378
997; 431
1; 0
3; 0
2; 1
8; 0
4; 1
9; 5
7; 13
18; 4
5; 47
15; 33
10; 37
11; 13
16; 28
6; 46
17; 12
22; 6
12; 14
28; 5
13; 46
26; 12
20; 34
14; 53
21; 22
33; 13
34; 3
23; 12
19; 32
27; 19
29; 29
24; 27
38; 4
30; 11
32; 18
37; 5
35; 1
39; 0
31; 16
25; 27
42; 0
43; 0
40; 37
46; 1
36; 38
44; 4
41; 37
48; 37
52; 16
51; 16
45; 9
49; 19
53; 2
54; 3
47; 14
61; 0
57; 6
59; 0
56; 5
50; 8
66; 0
64; 10
58; 3
60; 12
62; 4
68; 0
55; 10
70; 0
63; 6
65; 3
77; 0
72; 0
69; 3
73; 0
76; 36
67; 64
84; 18
87; 12
96; 7
75; 70
85; 35
94; 24
83; 56
74; 84
71; 78
89; 50
86; 61
91; 67
80; 75
88; 79
78; 95
81; 94
92; 40
93; 64
79; 95
95; 37
100; 19
90; 73
82; 114
108; 6
109; 10
99; 48
97; 63
111; 21
120; 3
106; 51
119; 18
123; 7
122; 20
126; 16
98; 120
110; 83
103; 105
102; 96
101; 113
107; 106
114; 111
105; 174
112; 104
134; 32
129; 60
143; 12
118; 108
113; 139
136; 43
104; 187
127; 98
138; 41
145; 41
124; 88
116; 149
137; 73
130; 54
144; 30
131; 91
139; 85
128; 114
115; 199
152; 40
150; 24
147; 33
153; 50
132; 109
117; 191
135; 113
121; 198
157; 1
125; 149
133; 133
155; 21
148; 58
158; 12
140; 85
142; 124
146; 54
156; 10
141; 100
165; 18
151; 104
169; 40
159; 47
161; 43
177; 12
154; 125
164; 50
162; 60
175; 13
149; 120
187; 16
171; 66
167; 77
173; 35
172; 72
195; 3
186; 48
163; 116
170; 121
168; 114
182; 59
191; 62
160; 152
202; 3
174; 119
180; 105
197; 34
196; 31
209; 19
205; 41
183; 153
189; 157
216; 4
190; 123
194; 112
208; 47
207; 68
181; 182
185; 175
192; 122
203; 87
215; 19
178; 205
227; 13
210; 77
219; 92
176; 325
200; 196
206; 113
243; 5
184; 273
179; 289
223; 83
237; 12
166; 372
212; 168
211; 166
239; 49
244; 27
247; 17
199; 202
201; 233
198; 290
217; 133
241; 47
221; 169
238; 92
249; 29
245; 52
218; 196
252; 60
188; 353
204; 265
235; 162
258; 27
222; 213
229; 206
193; 387
230; 224
255; 125
269; 52
225; 290
261; 93
260; 83
253; 164
240; 247
259; 116
226; 286
228; 265
213; 378
263; 149
242; 234
285; 74
292; 41
250; 224
233; 312
224; 383
286; 79
279; 115
271; 182
264; 205
278; 185
231; 363
234; 406
275; 191
262; 212
236; 396
283; 185
282; 174
290; 149
248; 374
284; 190
267; 226
265; 283
254; 309
302; 28
274; 221
251; 366
293; 162
288; 200
300; 69
297; 110
232; 471
305; 66
277; 268
273; 227
214; 567
296; 156
276; 281
220; 529
268; 303
266; 315
299; 181
323; 64
321; 29
316; 96
289; 297
311; 128
330; 47
317; 108
304; 166
306; 153
295; 288
351; 19
336; 47
345; 44
307; 226
329; 127
272; 405
256; 496
350; 90
322; 218
315; 235
310; 285
287; 449
333; 153
337; 116
331; 139
342; 100
318; 237
325; 264
344; 106
348; 140
356; 60
352; 60
301; 318
309; 314
291; 426
357; 83
270; 511
347; 114
320; 252
298; 375
281; 516
280; 526
328; 240
303; 358
335; 188
370; 4
314; 287
353; 114
257; 608
312; 309
361; 87
246; 674
308; 360
313; 353
359; 114
319; 294
324; 299
327; 282
294; 462
372; 22
358; 109
339; 211
326; 334
340; 199
365; 47
369; 18
343; 216
362; 132
363; 106
349; 208
375; 37
334; 255
380; 28
338; 294
381; 34
377; 47
376; 49
383; 30
385; 11
378; 54
346; 259
354; 250
332; 314
341; 347
374; 128
396; 7
387; 69
367; 148
405; 0
394; 56
373; 139
368; 158
364; 170
384; 83
360; 243
390; 79
401; 54
386; 96
371; 173
400; 87
403; 63
406; 50
395; 78
355; 375
366; 269
393; 94
398; 99
402; 120
391; 158
404; 91
379; 186
389; 207
382; 191
411; 57
392; 154
407; 93
415; 28
413; 45
424; 12
425; 11
417; 9
414; 92
418; 58
399; 167
409; 114
397; 203
388; 220
412; 153
408; 172
426; 28
422; 100
428; 29
445; 12
420; 93
421; 121
433; 46
429; 50
427; 53
441; 32
442; 22
435; 57
416; 140
447; 3
431; 74
419; 89
410; 206
439; 54
437; 46
438; 47
430; 88
423; 89
448; 2
444; 40
443; 51
450; 10
432; 72
434; 83
440; 44
446; 34
455; 2
436; 68
449; 11
451; 16
452; 4
453; 1
458; 6
457; 8
456; 4
461; 8
460; 6
454; 10
459; 11
468; 2
464; 5
462; 10
467; 0
470; 8
463; 22
469; 21
478; 7
479; 3
473; 2
471; 2
466; 29
480; 6
477; 18
465; 34
474; 17
484; 22
472; 30
475; 61
483; 57
476; 70
485; 68
495; 43
493; 42
489; 52
490; 59
497; 46
492; 73
494; 33
491; 61
481; 135
504; 29
503; 35
496; 37
482; 142
487; 116
486; 102
502; 79
501; 73
512; 31
498; 64
506; 53
508; 38
488; 119
513; 15
510; 26
511; 35
505; 36
500; 52
516; 7
509; 37
507; 41
499; 58
522; 12
517; 4
521; 2
519; 21
528; 13
518; 51
524; 69
515; 65
538; 8
527; 36
523; 55
514; 80
531; 45
535; 16
520; 63
526; 49
536; 31
525; 32
546; 5
529; 49
544; 6
548; 22
555; 21
554; 18
552; 35
532; 115
534; 100
533; 83
540; 98
558; 17
537; 114
543; 75
541; 92
530; 116
572; 2
545; 61
557; 48
561; 59
542; 131
550; 98
565; 51
569; 51
574; 53
549; 124
547; 118
539; 198
573; 68
568; 132
584; 47
566; 162
594; 17
575; 118
577; 151
593; 21
576; 131
582; 92
590; 58
551; 221
559; 231
553; 280
567; 205
556; 235
588; 119
562; 242
570; 238
579; 146
598; 70
581; 164
564; 298
602; 90
560; 291
595; 147
571; 271
586; 184
614; 45
592; 201
596; 156
607; 99
583; 276
601; 166
632; 22
578; 286
609; 101
587; 270
599; 214
610; 143
620; 77
624; 74
616; 111
605; 173
630; 44
622; 96
623; 109
606; 202
612; 152
600; 235
613; 174
563; 428
603; 272
617; 151
611; 167
625; 128
618; 177
652; 1
639; 50
637; 70
615; 162
627; 102
643; 49
631; 114
608; 261
640; 71
621; 143
636; 95
651; 31
591; 296
585; 439
580; 433
654; 12
648; 48
646; 71
629; 198
642; 119
641; 80
628; 208
650; 70
645; 77
619; 273
661; 29
644; 104
653; 73
655; 65
604; 295
589; 477
633; 205
635; 218
664; 91
638; 231
649; 123
670; 63
684; 14
597; 501
679; 51
666; 86
674; 93
662; 107
667; 79
659; 182
663; 143
676; 64
671; 84
669; 93
658; 164
660; 157
647; 244
657; 243
694; 46
634; 377
678; 114
705; 14
672; 174
707; 26
701; 82
709; 30
703; 72
682; 176
681; 176
695; 133
665; 319
716; 14
685; 176
693; 136
704; 115
698; 189
710; 92
702; 179
743; 1
717; 120
677; 296
746; 18
675; 332
756; 0
749; 8
706; 213
719; 158
730; 130
626; 662
697; 312
766; 33
683; 335
692; 349
745; 114
690; 388
725; 177
713; 233
768; 26
728; 207
752; 86
700; 352
731; 225
656; 591
741; 150
688; 424
760; 135
735; 288
737; 281
732; 283
734; 324
724; 317
699; 469
775; 118
742; 288
686; 541
782; 97
795; 49
673; 627
691; 581
739; 341
722; 423
726; 386
738; 362
778; 195
748; 328
761; 314
744; 343
817; 56
747; 361
668; 715
680; 676
736; 400
807; 89
733; 462
718; 485
818; 80
729; 506
771; 289
754; 393
819; 97
833; 8
823; 65
751; 458
758; 425
711; 626
740; 516
696; 731
836; 100
816; 199
777; 412
812; 236
757; 490
774; 425
820; 192
727; 655
825; 177
723; 699
715; 726
815; 315
793; 372
798; 342
809; 329
835; 178
687; 934
801; 357
714; 789
805; 369
796; 425
855; 108
847; 120
850; 161
868; 44
831; 279
787; 483
759; 714
875; 24
851; 189
842; 281
802; 504
767; 669
806; 479
770; 639
712; 926
838; 288
790; 513
720; 919
788; 546
859; 189
813; 467
839; 308
849; 278
763; 723
794; 542
863; 200
792; 541
764; 765
776; 656
783; 638
834; 407
830; 444
828; 440
888; 73
772; 718
755; 841
765; 819
894; 18
689; 1153
879; 141
840; 454
870; 157
854; 349
803; 635
845; 398
753; 934
808; 636
841; 477
810; 665
811; 616
827; 545
824; 538
904; 63
878; 204
750; 967
721; 1124
913; 34
822; 595
860; 376
814; 695
887; 173
864; 333
800; 756
858; 404
852; 505
882; 241
773; 953
853; 529
881; 297
762; 987
708; 1203
826; 646
846; 575
892; 233
786; 838
779; 903
921; 86
908; 187
848; 533
906; 229
930; 88
932; 74
857; 534
877; 375
898; 260
791; 866
872; 430
912; 218
883; 377
769; 1088
861; 539
896; 291
914; 229
916; 214
925; 143
789; 951
844; 632
837; 669
901; 299
843; 727
895; 296
928; 157
874; 453
918; 224
784; 1017
873; 479
797; 938
937; 128
909; 256
829; 768
804; 915
871; 513
880; 460
865; 542
780; 1012
885; 420
890; 395
856; 672
924; 238
944; 135
867; 578
884; 513
942; 161
917; 349
970; 53
893; 452
940; 225
903; 458
785; 1174
972; 56
983; 50
939; 240
821; 974
980; 30
920; 392
950; 226
799; 1177
956; 217
923; 437
915; 445
979; 119
905; 510
866; 823
934; 376
945; 345
941; 359
959; 216
900; 599
910; 503
946; 324
929; 547
936; 451
889; 706
897; 649
947; 354
876; 802
995; 148
862; 948
964; 307
919; 645
952; 380
988; 238
949; 420
989; 251
938; 507
978; 326
963; 377
982; 296
993; 283
994; 296
976; 338
781; 1532
958; 452
975; 402
967; 465
886; 927
927; 779
891; 949
960; 580
981; 422
869; 1118
957; 588
968; 513
969; 513
948; 648
985; 436
966; 557
832; 1385
935; 723
973; 531
953; 658
954; 641
984; 535
902; 1000
931; 805
974; 593
962; 666
999; 494
907; 967
991; 571
933; 882
986; 607
926; 956
911; 1081
955; 797
922; 1010
996; 634
997; 594
987; 695
899; 1240
977; 807
943; 978
951; 950
1000; 732
965; 919
961; 1041
992; 871
998; 886
990; 1153
971; 1284
3; 0
6; 0
1; 0
4; 5
9; 0
5; 0
8; 1
7; 2
11; 1
10; 0
22; 11
2; 28
14; 6
17; 20
19; 21
12; 24
16; 28
21; 8
31; 10
24; 17
20; 15
23; 18
25; 17
27; 6
29; 12
18; 20
28; 27
32; 33
30; 19
36; 28
39; 1
33; 20
48; 9
26; 65
15; 102
49; 19
46; 15
52; 12
37; 41
13; 88
41; 45
40; 51
43; 36
42; 25
44; 19
38; 54
34; 84
54; 20
56; 21
47; 30
60; 13
35; 59
50; 43
59; 24
45; 75
51; 56
63; 14
61; 32
55; 56
57; 51
69; 29
67; 42
53; 74
71; 3
70; 8
64; 16
74; 0
58; 37
68; 9
62; 38
65; 39
77; 7
66; 48
72; 34
87; 7
82; 9
91; 42
78; 62
79; 75
84; 54
73; 93
80; 69
75; 109
90; 37
86; 64
93; 31
98; 14
88; 79
89; 60
85; 78
76; 138
101; 16
102; 7
94; 58
81; 150
100; 14
97; 34
95; 43
83; 156
92; 82
99; 13
106; 1
104; 6
96; 50
105; 1
107; 0
103; 6
114; 3
115; 1
109; 15
110; 7
112; 10
119; 0
116; 23
111; 17
113; 42
108; 53
117; 16
127; 2
123; 40
122; 37
126; 16
121; 52
132; 4
118; 42
129; 18
124; 34
120; 33
130; 5
125; 43
131; 13
128; 28
134; 10
135; 7
139; 6
138; 4
136; 4
143; 3
140; 1
145; 0
137; 12
142; 4
133; 6
141; 0
147; 0
144; 4
146; 0
149; 0
153; 0
148; 0
155; 14
152; 25
169; 2
150; 53
156; 39
154; 37
163; 28
164; 56
177; 27
180; 11
171; 67
158; 89
167; 84
178; 22
188; 10
172; 97
151; 110
162; 83
175; 52
161; 104
181; 57
183; 40
170; 86
159; 109
173; 60
184; 53
166; 70
189; 39
182; 34
160; 136
157; 176
165; 113
179; 59
194; 18
168; 107
195; 3
190; 32
186; 59
174; 93
187; 32
199; 0
191; 22
185; 36
176; 109
193; 18
196; 17
197; 9
201; 9
192; 24
200; 2
198; 16
208; 8
202; 6
204; 14
203; 11
209; 19
205; 3
211; 2
206; 8
207; 10
213; 0
220; 0
212; 2
214; 3
210; 12
221; 3
215; 9
217; 1
226; 8
216; 8
229; 11
224; 7
222; 36
218; 28
219; 45
232; 2
223; 16
228; 18
237; 17
231; 24
230; 38
233; 9
227; 61
225; 34
234; 34
235; 19
236; 9
238; 8
241; 1
243; 1
246; 4
242; 6
244; 19
239; 16
248; 5
245; 9
240; 26
253; 6
252; 39
250; 4
254; 14
256; 7
249; 6
247; 18
257; 18
255; 14
260; 3
259; 14
258; 7
261; 18
251; 72
262; 39
272; 19
273; 16
265; 15
264; 26
263; 53
267; 57
271; 4
275; 5
270; 32
268; 32
269; 48
274; 13
266; 29
276; 9
279; 2
283; 4
278; 4
277; 6
281; 1
280; 1
289; 2
286; 8
291; 8
290; 27
287; 21
297; 7
284; 44
282; 45
296; 10
292; 65
298; 14
293; 35
285; 48
288; 33
294; 50
300; 1
301; 17
302; 9
307; 0
303; 1
295; 17
310; 2
299; 10
306; 15
304; 15
316; 9
309; 28
312; 21
308; 23
320; 24
311; 19
314; 29
317; 9
321; 5
313; 57
305; 40
318; 45
319; 41
315; 47
322; 39
324; 28
325; 1
323; 24
326; 8
327; 30
335; 11
330; 15
339; 9
338; 5
329; 64
336; 24
334; 32
344; 19
328; 63
332; 44
331; 42
337; 49
343; 52
341; 68
340; 53
352; 7
342; 59
356; 32
347; 52
346; 63
349; 54
362; 25
345; 84
354; 30
355; 66
333; 164
353; 88
367; 32
351; 78
348; 100
350; 95
369; 7
358; 43
366; 36
360; 74
359; 63
365; 59
357; 92
373; 0
361; 67
363; 53
364; 71
376; 0
370; 10
372; 40
377; 28
371; 37
374; 42
375; 40
378; 32
383; 44
387; 17
386; 39
395; 16
388; 28
385; 10
389; 26
368; 97
379; 29
392; 10
380; 57
393; 47
397; 45
400; 11
381; 61
391; 50
401; 30
398; 31
396; 27
382; 80
399; 55
384; 89
390; 59
407; 19
402; 46
394; 65
403; 43
405; 6
406; 9
404; 15
413; 1
408; 11
410; 10
414; 0
409; 13
419; 0
411; 15
415; 9
416; 6
412; 29
417; 10
425; 3
421; 8
418; 11
423; 0
422; 7
420; 8
426; 0
431; 0
429; 2
436; 1
439; 0
424; 17
427; 16
432; 18
437; 4
430; 1
433; 7
435; 5
442; 10
428; 25
447; 13
438; 22
441; 41
434; 51
449; 9
450; 45
454; 23
446; 69
455; 43
458; 46
471; 5
451; 66
448; 67
443; 93
461; 15
463; 11
472; 3
444; 105
457; 62
465; 34
460; 64
445; 126
480; 29
452; 119
467; 51
456; 89
474; 55
470; 82
485; 52
478; 85
488; 5
440; 174
459; 125
462; 124
466; 80
475; 93
464; 108
482; 82
476; 114
498; 14
489; 38
468; 149
484; 72
481; 115
479; 124
506; 15
453; 236
503; 38
469; 179
509; 23
494; 57
473; 177
492; 69
486; 113
497; 76
513; 41
500; 105
502; 61
491; 173
510; 107
520; 28
495; 134
527; 13
501; 93
521; 52
505; 116
512; 79
477; 230
525; 28
483; 290
528; 62
511; 161
518; 113
504; 193
507; 169
487; 264
522; 102
517; 127
490; 287
493; 220
499; 196
523; 92
530; 69
533; 82
544; 23
545; 3
536; 35
537; 59
532; 28
534; 68
496; 261
515; 154
508; 141
540; 60
514; 192
542; 34
543; 39
519; 149
539; 64
547; 11
538; 77
546; 46
516; 186
529; 98
548; 33
552; 12
541; 107
524; 109
531; 122
559; 2
526; 146
549; 32
553; 16
551; 55
555; 47
557; 16
535; 104
558; 41
550; 50
562; 6
565; 8
564; 14
563; 14
554; 94
560; 23
556; 45
566; 1
561; 18
571; 5
568; 0
569; 1
576; 4
577; 0
574; 7
567; 10
570; 6
572; 6
573; 33
575; 25
589; 3
580; 11
584; 24
579; 24
578; 5
581; 15
585; 44
582; 6
590; 0
583; 25
591; 16
594; 14
588; 20
587; 48
596; 6
593; 12
586; 13
595; 4
592; 12
600; 3
598; 1
603; 0
601; 2
599; 1
597; 9
613; 5
609; 6
602; 2
606; 17
610; 6
607; 10
615; 1
608; 15
605; 9
612; 10
616; 12
611; 0
604; 19
614; 13
621; 3
618; 17
617; 19
619; 6
620; 16
623; 33
629; 26
624; 28
622; 43
627; 15
628; 19
626; 43
630; 34
632; 41
635; 10
638; 27
637; 23
640; 0
639; 6
633; 54
631; 57
642; 17
636; 29
625; 76
641; 1
634; 45
645; 11
647; 6
648; 4
644; 11
650; 0
643; 16
654; 1
652; 1
646; 14
651; 0
649; 0
653; 0
655; 5
664; 4
657; 9
656; 19
666; 12
658; 6
671; 21
660; 36
662; 57
677; 19
674; 46
661; 84
668; 63
670; 82
678; 65
680; 28
665; 78
692; 10
675; 81
682; 31
679; 100
673; 97
659; 158
663; 143
687; 107
685; 87
698; 35
683; 103
686; 123
669; 203
695; 45
715; 10
697; 74
702; 49
705; 40
709; 20
689; 155
667; 216
704; 32
711; 46
691; 176
688; 177
700; 111
724; 9
714; 84
725; 29
726; 61
690; 193
719; 78
681; 274
712; 65
718; 89
672; 312
676; 293
706; 151
731; 17
708; 129
684; 291
703; 166
693; 209
696; 186
716; 175
694; 245
701; 202
723; 109
729; 43
739; 1
728; 70
710; 213
699; 252
730; 67
737; 33
727; 119
720; 156
740; 17
722; 154
734; 39
707; 212
733; 36
717; 168
747; 8
721; 183
732; 93
713; 210
743; 12
736; 39
735; 57
745; 14
754; 2
742; 14
741; 17
752; 3
738; 50
744; 38
748; 28
761; 36
749; 50
758; 21
757; 68
753; 48
766; 53
772; 43
760; 87
751; 142
768; 80
781; 44
759; 114
777; 45
764; 92
796; 4
765; 115
769; 103
779; 89
755; 114
746; 174
756; 166
775; 64
788; 65
762; 112
798; 6
792; 74
782; 90
791; 98
797; 43
790; 76
770; 122
784; 61
774; 139
803; 20
794; 88
795; 63
787; 105
773; 166
785; 137
804; 19
750; 230
800; 72
763; 205
767; 219
799; 79
780; 139
801; 72
808; 105
783; 194
776; 261
811; 68
807; 102
802; 136
809; 97
793; 232
824; 43
805; 167
806; 136
789; 220
822; 69
832; 7
823; 115
771; 324
836; 30
831; 61
834; 56
820; 117
828; 131
815; 148
827; 130
816; 155
847; 4
812; 199
843; 39
825; 179
830; 97
840; 73
819; 162
837; 92
855; 3
845; 98
859; 8
851; 38
826; 187
856; 25
813; 278
786; 440
842; 159
817; 267
818; 232
838; 159
778; 518
839; 219
864; 22
858; 76
849; 82
863; 56
835; 178
854; 109
833; 213
846; 121
841; 208
844; 179
810; 318
814; 352
852; 151
850; 143
860; 111
848; 177
857; 124
862; 101
821; 373
866; 80
865; 105
869; 64
853; 166
829; 395
880; 34
867; 78
868; 70
885; 55
870; 85
876; 98
861; 213
883; 48
874; 85
888; 13
892; 15
875; 103
878; 74
886; 54
873; 104
879; 92
884; 64
891; 79
889; 81
881; 88
871; 159
898; 9
872; 168
896; 18
894; 34
877; 108
890; 70
882; 91
887; 73
893; 27
904; 1
899; 12
900; 15
901; 17
909; 10
902; 24
903; 22
895; 55
913; 21
912; 38
911; 28
915; 21
897; 76
908; 58
910; 25
905; 43
924; 16
907; 57
906; 39
918; 15
916; 26
914; 38
917; 21
921; 21
923; 23
919; 9
920; 7
930; 0
931; 0
928; 1
925; 15
926; 19
932; 10
922; 32
929; 3
927; 3
937; 0
934; 1
939; 9
940; 10
938; 24
941; 27
936; 30
942; 17
935; 46
933; 71
947; 75
950; 80
952; 46
960; 58
965; 1
954; 89
962; 71
956; 39
963; 50
946; 124
961; 62
958; 40
944; 121
945; 137
970; 37
964; 74
957; 106
949; 134
943; 172
979; 20
985; 5
959; 117
974; 52
969; 81
951; 187
953; 168
984; 38
971; 69
992; 11
975; 94
994; 16
948; 271
980; 78
966; 155
995; 19
981; 93
991; 66
990; 122
998; 78
972; 166
997; 89
976; 185
978; 164
967; 202
996; 77
982; 177
987; 185
999; 108
1000; 148
977; 253
968; 256
988; 169
983; 239
989; 211
986; 296
955; 386
993; 186
973; 414
9; 11
3; 12
12; 8
1; 38
2; 12
7; 11
6; 13
5; 69
11; 53
8; 88
17; 18
4; 56
13; 17
16; 27
14; 26
15; 48
18; 27
10; 86
24; 13
20; 15
27; 8
25; 34
23; 29
22; 12
26; 13
19; 16
30; 14
28; 9
21; 18
29; 15
32; 0
35; 0
31; 0
38; 2
34; 2
43; 16
33; 20
40; 3
45; 2
37; 11
42; 9
41; 3
36; 7
44; 9
47; 2
39; 20
46; 4
50; 5
48; 10
54; 6
53; 6
49; 34
51; 28
55; 33
52; 25
58; 6
57; 35
63; 15
65; 9
59; 46
56; 60
64; 29
60; 42
71; 0
66; 30
61; 43
68; 34
73; 1
72; 14
70; 65
79; 13
84; 27
67; 65
87; 7
62; 94
77; 22
69; 86
74; 47
81; 44
80; 8
76; 55
88; 0
78; 27
85; 46
89; 20
86; 37
92; 6
90; 17
94; 19
83; 70
75; 69
91; 7
82; 87
98; 0
99; 1
93; 6
96; 14
97; 3
102; 0
100; 2
95; 26
106; 0
108; 6
109; 12
101; 6
104; 12
105; 19
103; 23
111; 13
113; 30
116; 17
125; 8
107; 20
120; 15
115; 20
112; 32
110; 17
121; 5
127; 0
122; 7
114; 24
124; 8
123; 9
117; 21
119; 16
133; 1
118; 14
132; 0
126; 1
128; 0
130; 0
134; 2
129; 8
131; 4
136; 0
135; 0
137; 9
138; 7
139; 1
140; 1
144; 12
143; 5
147; 7
142; 2
141; 20
154; 1
155; 11
148; 7
153; 4
152; 9
149; 2
150; 2
145; 7
146; 6
156; 14
151; 27
157; 0
165; 0
158; 12
162; 6
160; 12
161; 19
168; 6
163; 8
166; 1
169; 0
171; 5
164; 12
159; 17
172; 0
167; 16
170; 4
179; 1
176; 4
173; 3
188; 2
175; 14
183; 20
191; 10
187; 25
181; 64
174; 57
184; 62
185; 72
194; 38
186; 45
180; 65
195; 34
178; 100
177; 142
196; 40
189; 93
202; 77
190; 146
204; 54
198; 100
206; 65
200; 111
208; 62
182; 197
193; 155
199; 130
210; 89
216; 26
201; 141
213; 79
212; 98
197; 131
214; 98
207; 102
209; 71
205; 76
192; 199
211; 115
224; 10
219; 22
217; 30
218; 29
215; 50
221; 7
203; 108
220; 15
222; 10
226; 2
225; 10
227; 0
223; 9
229; 0
230; 0
228; 0
232; 0
231; 3
239; 2
237; 9
241; 4
233; 9
236; 9
234; 15
242; 7
238; 48
235; 45
245; 25
240; 23
246; 66
259; 17
257; 52
243; 73
244; 68
263; 7
256; 64
251; 60
248; 66
250; 82
249; 62
255; 60
254; 59
247; 100
268; 13
252; 79
260; 64
261; 67
253; 93
270; 27
265; 66
267; 73
266; 81
280; 7
262; 120
272; 73
258; 175
276; 52
269; 82
290; 0
277; 49
287; 19
275; 67
274; 52
271; 81
264; 143
273; 57
281; 39
288; 14
282; 68
279; 45
283; 42
291; 11
285; 22
278; 71
293; 2
284; 39
295; 6
300; 3
286; 72
301; 6
289; 41
294; 4
299; 8
296; 12
292; 33
302; 3
297; 24
304; 5
298; 23
307; 1
308; 2
305; 6
303; 11
312; 0
315; 4
306; 23
311; 1
309; 17
313; 3
310; 23
316; 7
317; 10
314; 10
319; 2
318; 28
328; 27
324; 33
321; 40
325; 23
326; 62
332; 19
333; 14
329; 24
334; 14
322; 48
330; 14
335; 31
341; 1
338; 29
331; 65
323; 60
344; 30
342; 11
327; 65
320; 86
337; 45
345; 8
348; 32
349; 14
340; 35
339; 27
347; 35
336; 62
351; 0
352; 2
350; 21
343; 32
355; 2
363; 1
346; 8
359; 0
353; 5
366; 2
354; 4
358; 1
356; 2
362; 5
357; 8
365; 2
377; 15
370; 10
367; 29
373; 1
360; 61
376; 11
361; 44
369; 49
372; 25
368; 50
371; 55
364; 53
375; 64
381; 25
378; 53
379; 33
380; 33
374; 33
384; 3
385; 3
382; 28
383; 13
387; 0
391; 3
390; 1
386; 14
389; 0
388; 4
394; 0
395; 8
397; 3
393; 25
402; 3
392; 11
403; 0
406; 19
399; 35
401; 11
408; 26
404; 19
396; 11
409; 34
405; 28
414; 18
412; 21
398; 52
407; 50
416; 27
411; 43
417; 8
410; 30
423; 0
400; 45
421; 1
424; 4
415; 39
413; 50
418; 26
422; 1
427; 4
429; 3
425; 3
426; 0
419; 20
420; 14
428; 2
435; 4
433; 4
430; 18
443; 0
440; 12
439; 20
431; 5
437; 15
434; 13
441; 8
446; 1
432; 37
450; 10
451; 15
442; 35
438; 35
447; 12
445; 37
449; 16
454; 5
436; 45
455; 17
453; 15
444; 33
459; 1
457; 17
463; 18
460; 16
448; 41
456; 11
461; 11
462; 11
468; 4
452; 27
471; 5
474; 3
467; 2
476; 5
472; 5
458; 33
480; 0
481; 8
473; 38
465; 43
489; 3
475; 22
469; 34
466; 77
482; 29
470; 62
490; 41
487; 50
492; 27
491; 32
494; 3
478; 68
483; 40
477; 54
486; 15
479; 40
464; 132
485; 64
488; 40
484; 66
497; 7
495; 5
496; 2
499; 4
493; 20
498; 5
502; 0
501; 0
500; 0
503; 0
504; 3
505; 3
506; 10
512; 22
509; 17
508; 43
510; 15
515; 11
514; 20
511; 60
513; 45
520; 39
519; 26
516; 78
527; 38
507; 84
521; 38
530; 25
517; 67
523; 22
525; 33
518; 43
532; 16
529; 49
528; 45
522; 63
526; 35
524; 36
542; 0
536; 6
535; 36
540; 2
539; 20
531; 79
541; 24
533; 35
547; 6
544; 4
543; 21
545; 6
537; 30
551; 2
546; 8
554; 5
538; 65
534; 23
549; 11
550; 4
557; 2
548; 2
553; 7
558; 0
556; 8
555; 0
560; 0
562; 0
561; 0
552; 6
565; 0
567; 0
559; 0
563; 4
569; 2
564; 5
566; 0
571; 21
570; 17
572; 29
575; 20
568; 20
573; 11
580; 8
574; 3
576; 18
585; 0
583; 0
582; 0
578; 12
579; 14
581; 0
577; 6
586; 0
587; 0
591; 2
584; 5
590; 3
589; 7
592; 4
588; 15
600; 12
596; 14
599; 10
593; 13
602; 23
603; 11
595; 25
601; 40
612; 1
606; 5
598; 30
597; 18
611; 11
594; 48
610; 10
607; 24
609; 16
605; 22
608; 45
616; 8
604; 38
613; 4
615; 1
617; 3
614; 2
621; 0
623; 0
619; 1
618; 2
627; 11
628; 8
632; 1
629; 21
622; 4
620; 22
633; 25
630; 11
624; 31
638; 22
631; 14
635; 42
639; 19
625; 33
637; 13
626; 48
643; 1
642; 2
645; 2
640; 10
641; 9
636; 21
634; 40
644; 0
648; 0
646; 0
649; 3
651; 2
647; 1
650; 0
652; 0
657; 0
653; 6
658; 0
655; 0
654; 0
659; 0
665; 18
656; 16
662; 15
660; 17
670; 15
671; 20
661; 28
676; 15
663; 34
669; 14
664; 36
678; 9
673; 21
680; 27
674; 39
672; 37
677; 5
679; 30
666; 52
684; 7
685; 5
686; 12
681; 60
667; 67
682; 33
668; 58
690; 12
675; 51
693; 2
688; 23
694; 14
687; 26
695; 8
700; 1
683; 44
689; 27
698; 12
697; 12
696; 21
703; 1
706; 0
701; 13
691; 24
692; 39
709; 9
702; 22
704; 28
711; 18
707; 30
708; 10
705; 24
713; 10
712; 13
699; 62
718; 0
722; 1
714; 4
710; 16
716; 36
717; 18
715; 58
730; 42
732; 44
719; 57
729; 28
726; 46
721; 52
739; 23
723; 83
725; 63
728; 71
735; 39
736; 25
724; 82
744; 5
745; 12
737; 14
720; 103
742; 54
734; 23
740; 60
727; 102
731; 84
738; 47
752; 4
753; 4
750; 42
741; 80
746; 32
751; 45
733; 126
755; 11
747; 42
763; 4
757; 18
748; 104
749; 84
743; 136
761; 35
756; 29
759; 38
760; 17
769; 12
765; 42
758; 61
754; 110
773; 9
768; 81
766; 75
780; 15
772; 54
764; 100
762; 114
771; 75
777; 44
767; 86
775; 57
783; 32
776; 43
779; 37
784; 16
781; 61
785; 20
774; 88
770; 123
797; 4
788; 27
778; 97
787; 48
793; 51
786; 65
796; 24
782; 93
795; 31
804; 53
794; 41
801; 48
792; 75
791; 86
803; 73
812; 3
807; 52
800; 65
814; 36
790; 101
808; 44
789; 140
806; 101
802; 99
815; 31
809; 36
817; 15
810; 73
822; 26
811; 98
826; 13
798; 128
819; 31
799; 143
824; 5
818; 50
816; 65
805; 123
820; 23
813; 78
825; 6
827; 2
823; 11
830; 0
832; 0
821; 42
828; 11
834; 0
829; 5
836; 0
831; 2
840; 2
833; 0
835; 3
839; 2
838; 0
843; 2
846; 0
841; 10
837; 10
848; 2
845; 5
842; 10
844; 4
847; 2
850; 0
851; 0
849; 0
852; 0
854; 0
855; 2
861; 11
868; 1
856; 11
853; 21
867; 2
862; 19
865; 21
859; 54
869; 38
870; 45
878; 56
885; 23
884; 29
872; 117
860; 164
864; 112
894; 37
897; 25
903; 13
866; 150
857; 181
879; 133
877; 122
858; 194
881; 122
890; 91
863; 228
873; 176
902; 65
887; 142
876; 178
896; 109
871; 220
880; 177
892; 172
886; 197
898; 127
916; 34
905; 124
918; 28
883; 177
910; 94
874; 263
912; 71
888; 208
911; 90
889; 232
926; 87
921; 73
908; 131
942; 49
943; 15
925; 149
932; 133
904; 239
960; 16
955; 14
928; 160
947; 112
956; 55
913; 233
924; 164
899; 347
900; 314
893; 350
934; 132
935; 137
939; 162
931; 240
972; 27
940; 180
957; 148
949; 140
906; 351
944; 205
920; 268
965; 100
966; 122
974; 19
951; 193
964; 123
929; 271
958; 180
923; 279
981; 12
948; 221
933; 277
891; 514
962; 141
875; 604
976; 47
977; 69
975; 76
922; 328
953; 246
895; 492
973; 111
967; 153
901; 477
930; 347
915; 423
914; 432
968; 125
938; 311
980; 67
945; 254
937; 329
946; 301
909; 479
995; 16
998; 29
954; 261
982; 64
917; 406
882; 584
907; 504
979; 56
971; 141
992; 29
970; 147
961; 261
959; 257
950; 359
969; 215
987; 90
991; 51
988; 109
997; 92
984; 105
952; 365
978; 187
993; 100
941; 443
983; 156
999; 114
936; 454
927; 445
1000; 104
990; 183
919; 584
989; 259
963; 444
985; 239
994; 244
996; 248
986; 322
2; 0
4; 7
7; 7
3; 7
5; 2
13; 6
9; 5
6; 12
8; 1
10; 8
15; 12
1; 36
16; 1
12; 32
14; 4
11; 17
19; 0
18; 16
17; 20
20; 0
22; 6
21; 9
25; 2
23; 5
26; 13
27; 9
31; 43
29; 62
34; 16
24; 85
36; 44
37; 51
38; 38
48; 6
44; 27
39; 28
33; 66
32; 80
35; 71
40; 69
45; 17
28; 105
53; 19
43; 53
46; 34
30; 114
56; 9
52; 40
42; 88
41; 83
51; 51
50; 55
47; 69
57; 17
62; 13
59; 36
58; 25
49; 109
60; 21
55; 43
69; 14
67; 38
61; 19
64; 37
54; 95
71; 12
65; 38
63; 29
74; 8
66; 24
78; 16
68; 44
75; 16
73; 28
76; 39
72; 30
81; 16
70; 52
86; 42
85; 61
82; 74
84; 43
80; 57
93; 38
83; 41
91; 54
96; 10
97; 22
92; 80
77; 81
87; 62
79; 104
95; 72
101; 41
116; 2
109; 12
90; 118
108; 41
89; 159
120; 15
94; 130
105; 83
99; 100
103; 69
106; 91
118; 36
112; 87
123; 36
110; 83
130; 8
98; 132
115; 66
88; 163
121; 27
124; 31
102; 146
117; 86
113; 55
131; 17
114; 122
107; 89
126; 26
104; 120
100; 159
127; 18
125; 70
137; 15
132; 23
111; 133
119; 104
135; 4
128; 68
122; 101
139; 5
136; 17
129; 78
140; 62
134; 47
141; 23
138; 43
133; 63
153; 5
151; 9
144; 34
143; 35
154; 11
145; 42
142; 54
149; 18
146; 34
150; 10
148; 35
157; 8
156; 4
155; 51
160; 20
158; 22
152; 40
167; 2
168; 30
162; 10
166; 37
147; 90
173; 5
159; 43
174; 19
171; 17
164; 61
163; 44
176; 17
169; 25
161; 28
165; 55
172; 18
170; 20
175; 40
184; 2
180; 14
182; 11
178; 11
177; 23
186; 0
181; 5
179; 26
188; 0
185; 6
189; 0
192; 0
187; 0
190; 2
197; 9
183; 12
194; 0
193; 2
195; 7
191; 3
199; 0
200; 0
198; 0
196; 10
206; 4
202; 0
201; 0
203; 14
213; 12
205; 16
210; 20
207; 42
212; 44
208; 58
223; 13
211; 37
216; 38
209; 66
229; 2
224; 40
215; 25
214; 53
222; 22
220; 31
227; 11
217; 20
204; 65
228; 6
231; 0
218; 37
226; 9
225; 36
221; 58
219; 43
230; 1
242; 5
233; 26
241; 9
232; 44
235; 18
234; 24
244; 2
236; 26
238; 30
240; 16
239; 21
237; 50
243; 10
245; 1
247; 0
249; 0
248; 0
246; 3
251; 4
253; 1
250; 6
252; 12
259; 18
254; 18
263; 0
256; 23
260; 22
262; 20
261; 45
271; 16
264; 34
269; 30
255; 44
267; 22
270; 32
274; 9
265; 31
268; 36
278; 14
277; 19
273; 15
257; 78
258; 78
266; 37
281; 1
276; 13
279; 0
275; 2
272; 20
283; 0
280; 1
285; 0
282; 0
284; 0
286; 9
288; 2
292; 9
287; 4
289; 15
290; 5
291; 10
303; 4
295; 27
296; 19
293; 29
298; 2
304; 22
294; 35
299; 43
314; 14
302; 54
300; 45
312; 38
308; 35
301; 75
305; 27
310; 67
313; 19
307; 85
297; 106
320; 18
306; 63
317; 21
309; 71
316; 25
319; 13
318; 11
311; 68
315; 52
323; 0
324; 0
321; 7
329; 9
322; 9
336; 14
326; 29
330; 19
333; 29
334; 37
328; 37
337; 16
341; 33
331; 38
344; 18
348; 10
325; 105
339; 60
332; 59
340; 63
345; 44
353; 40
346; 76
343; 67
327; 142
350; 21
357; 6
338; 90
351; 79
354; 90
352; 83
342; 133
349; 78
335; 140
366; 2
362; 28
360; 21
359; 46
355; 62
371; 3
356; 117
358; 100
363; 72
373; 39
368; 90
347; 197
379; 59
380; 74
374; 44
370; 113
369; 127
388; 18
381; 80
390; 42
367; 148
391; 42
375; 128
393; 33
382; 48
396; 8
384; 49
361; 197
394; 49
376; 109
372; 159
385; 73
397; 32
406; 2
365; 124
386; 130
413; 9
398; 49
383; 139
415; 16
364; 231
395; 78
387; 155
377; 218
392; 147
408; 61
389; 153
401; 100
410; 114
425; 51
414; 94
412; 92
411; 98
420; 102
424; 96
430; 70
418; 148
409; 189
378; 310
400; 246
443; 80
419; 176
442; 82
444; 122
417; 218
431; 162
462; 32
446; 97
421; 230
402; 307
451; 140
456; 93
453; 118
434; 212
407; 283
433; 184
423; 198
426; 228
455; 79
435; 224
404; 330
439; 202
450; 168
469; 41
448; 173
468; 34
432; 232
457; 83
460; 99
437; 242
441; 238
470; 37
478; 10
429; 266
422; 318
440; 232
405; 390
477; 40
476; 17
461; 125
428; 307
463; 118
427; 312
399; 439
436; 250
403; 425
452; 231
416; 369
454; 191
474; 82
482; 23
472; 125
467; 164
480; 33
486; 38
447; 219
488; 38
445; 304
438; 368
464; 195
473; 171
485; 142
505; 38
475; 178
458; 285
466; 250
495; 123
500; 62
449; 395
522; 4
506; 72
509; 58
487; 154
471; 231
501; 113
493; 117
499; 118
459; 338
496; 91
497; 149
481; 205
510; 126
479; 250
514; 67
530; 32
490; 231
504; 153
502; 201
513; 127
529; 73
521; 109
489; 269
512; 171
536; 76
534; 84
542; 34
503; 218
517; 217
525; 149
537; 95
465; 467
494; 315
531; 167
508; 294
532; 203
518; 217
483; 398
543; 152
546; 102
524; 262
515; 291
540; 183
568; 44
567; 60
538; 209
520; 319
557; 101
545; 151
484; 511
519; 307
507; 371
491; 509
526; 269
492; 462
528; 291
523; 294
562; 101
571; 20
565; 103
535; 248
559; 142
541; 236
560; 169
554; 183
549; 183
498; 493
548; 189
572; 92
569; 115
527; 387
570; 74
547; 229
564; 158
516; 404
561; 196
556; 232
581; 60
552; 252
533; 408
582; 29
539; 316
588; 51
576; 79
553; 232
555; 306
551; 243
544; 316
575; 111
579; 116
580; 82
511; 504
584; 99
550; 286
574; 136
577; 193
597; 51
587; 103
593; 65
610; 39
573; 216
558; 359
563; 307
589; 124
605; 23
609; 37
612; 39
590; 146
594; 109
566; 305
591; 119
585; 192
617; 47
613; 68
600; 136
633; 57
641; 22
596; 206
614; 120
642; 23
599; 177
595; 218
611; 183
606; 188
604; 205
586; 328
635; 77
626; 123
643; 46
622; 172
608; 230
644; 100
616; 192
637; 139
607; 237
645; 83
634; 151
603; 310
627; 240
628; 214
598; 324
675; 7
602; 333
632; 209
646; 113
625; 256
621; 280
653; 125
663; 77
648; 170
657; 145
631; 301
673; 107
687; 32
578; 633
647; 215
683; 69
674; 125
623; 380
619; 399
618; 379
662; 188
624; 429
650; 239
681; 113
629; 414
664; 232
651; 281
682; 155
679; 129
654; 302
583; 648
639; 438
649; 367
672; 198
615; 562
677; 202
640; 427
670; 286
659; 329
693; 163
669; 301
680; 281
698; 181
692; 209
620; 613
601; 682
661; 327
685; 260
695; 201
697; 182
592; 751
636; 561
638; 576
730; 12
694; 259
719; 117
656; 460
703; 176
696; 281
667; 432
678; 355
668; 389
709; 221
658; 470
686; 308
691; 319
706; 204
733; 49
702; 241
666; 404
676; 428
714; 198
660; 480
630; 694
689; 323
738; 34
652; 558
700; 289
665; 496
688; 343
690; 369
716; 210
705; 226
655; 555
731; 127
734; 91
740; 67
721; 193
742; 67
748; 23
751; 14
717; 251
720; 270
718; 284
725; 225
710; 322
728; 177
735; 152
729; 166
726; 229
701; 387
707; 346
723; 216
715; 274
711; 330
749; 37
737; 151
722; 244
746; 100
741; 114
739; 133
713; 348
712; 399
699; 420
671; 622
736; 182
745; 129
754; 83
744; 155
704; 443
752; 82
757; 75
762; 78
764; 61
761; 83
768; 2
773; 10
747; 108
759; 75
684; 596
727; 291
756; 121
708; 435
771; 25
724; 323
750; 130
732; 276
743; 264
760; 72
770; 46
767; 99
778; 13
781; 15
775; 32
769; 52
758; 90
772; 27
753; 159
782; 17
776; 8
766; 84
765; 101
774; 9
777; 21
780; 13
779; 28
783; 6
785; 12
763; 131
784; 0
787; 0
786; 3
755; 169
790; 0
788; 0
791; 6
794; 3
793; 7
789; 18
792; 10
795; 21
799; 15
800; 12
798; 22
801; 6
806; 3
797; 29
804; 37
813; 6
802; 36
803; 49
814; 5
810; 47
811; 12
808; 36
805; 28
796; 58
816; 12
817; 10
809; 30
819; 3
807; 40
815; 20
812; 29
820; 0
823; 0
822; 1
824; 0
821; 0
828; 2
825; 3
818; 13
829; 0
826; 0
831; 3
834; 3
836; 9
827; 8
832; 3
837; 13
835; 4
833; 0
830; 20
838; 1
848; 4
839; 17
845; 8
842; 23
844; 12
840; 36
841; 46
847; 27
846; 31
849; 24
850; 45
852; 40
854; 31
859; 4
843; 44
857; 3
853; 25
858; 3
856; 5
860; 8
855; 7
851; 10
865; 0
867; 0
861; 8
862; 0
864; 7
866; 7
870; 2
863; 1
874; 1
869; 1
868; 2
873; 10
872; 2
871; 19
891; 8
879; 6
876; 33
875; 35
889; 21
883; 22
878; 35
882; 13
886; 46
892; 14
881; 55
888; 41
890; 15
880; 47
896; 21
885; 56
895; 47
902; 11
894; 63
897; 42
903; 9
893; 44
906; 19
877; 124
884; 83
901; 47
887; 101
909; 6
900; 20
905; 41
904; 77
911; 20
907; 33
913; 5
908; 52
910; 36
916; 15
898; 109
912; 17
899; 100
915; 29
917; 46
918; 69
929; 37
919; 69
937; 39
923; 74
940; 25
950; 11
921; 102
958; 1
924; 73
951; 13
914; 155
936; 64
928; 85
967; 1
941; 124
947; 103
943; 142
926; 195
969; 48
965; 42
938; 187
922; 199
932; 182
956; 96
964; 92
927; 247
972; 92
981; 41
939; 216
984; 19
959; 181
975; 61
933; 305
931; 252
961; 147
986; 14
942; 243
954; 217
930; 288
948; 278
955; 227
982; 87
996; 34
998; 77
935; 380
946; 309
983; 136
971; 204
997; 110
962; 304
979; 203
960; 307
990; 152
978; 232
974; 248
993; 173
973; 347
985; 237
957; 400
968; 323
920; 622
995; 252
952; 492
949; 510
945; 575
980; 418
934; 650
989; 340
966; 541
944; 730
987; 533
999; 467
953; 745
977; 610
970; 672
963; 766
988; 632
925; 1006
992; 731
1000; 598
991; 728
976; 865
994; 778
3; 0
4; 0
2; 0
5; 0
1; 0
10; 0
8; 12
7; 10
12; 14
6; 5
11; 12
19; 4
9; 11
15; 4
14; 29
20; 27
13; 21
18; 6
21; 11
26; 6
22; 21
27; 4
16; 9
17; 26
23; 4
25; 3
30; 1
24; 15
29; 3
32; 0
34; 0
38; 7
35; 7
28; 25
33; 8
31; 0
42; 0
43; 1
37; 7
41; 0
39; 4
44; 1
40; 0
46; 1
36; 15
52; 4
53; 7
58; 5
57; 5
47; 7
54; 19
45; 21
50; 21
56; 11
51; 0
48; 1
55; 23
49; 8
68; 7
65; 6
62; 25
71; 2
64; 24
60; 12
61; 4
66; 8
59; 17
73; 1
70; 4
67; 9
72; 2
83; 8
76; 29
75; 10
63; 71
85; 19
81; 40
82; 23
74; 58
86; 24
77; 64
80; 70
90; 9
79; 56
87; 21
89; 18
69; 86
93; 10
84; 78
78; 51
95; 5
102; 11
96; 8
88; 59
99; 26
100; 21
94; 30
91; 64
108; 14
110; 14
103; 21
105; 18
92; 70
104; 34
101; 32
115; 15
97; 60
98; 43
106; 50
112; 45
109; 47
107; 27
114; 10
116; 12
118; 4
117; 21
111; 17
123; 0
113; 33
119; 8
120; 0
128; 0
121; 3
122; 0
127; 0
125; 0
131; 0
124; 2
134; 10
139; 25
129; 33
138; 53
130; 96
126; 102
132; 74
144; 25
142; 59
136; 94
137; 71
145; 42
149; 31
135; 89
148; 53
140; 81
160; 3
151; 91
143; 97
147; 71
164; 25
153; 75
176; 40
156; 84
133; 192
150; 135
155; 154
182; 47
171; 42
184; 42
180; 76
177; 92
159; 173
161; 184
167; 174
157; 172
141; 287
166; 183
179; 157
158; 198
172; 175
207; 44
188; 101
168; 200
187; 170
211; 22
190; 121
199; 69
146; 288
186; 160
215; 22
201; 106
154; 299
173; 228
200; 100
175; 234
183; 240
189; 163
170; 258
165; 315
192; 196
204; 157
195; 197
181; 268
174; 287
213; 93
185; 242
219; 51
162; 344
178; 287
206; 200
193; 196
202; 208
209; 181
218; 101
220; 79
214; 116
216; 148
196; 310
198; 302
226; 94
197; 252
222; 104
231; 59
152; 468
191; 327
163; 423
238; 86
169; 434
232; 117
230; 118
248; 3
205; 302
236; 103
246; 62
224; 218
239; 129
210; 302
243; 79
212; 277
241; 111
247; 11
223; 167
221; 259
208; 352
217; 282
233; 202
258; 36
257; 37
259; 39
225; 290
260; 44
250; 65
229; 203
235; 171
242; 188
251; 67
253; 103
240; 238
244; 125
234; 244
263; 69
228; 279
194; 514
261; 98
265; 47
276; 14
237; 257
227; 315
203; 458
268; 68
255; 145
252; 168
245; 212
254; 170
271; 60
278; 19
266; 114
274; 60
249; 240
277; 61
273; 103
292; 10
287; 13
289; 34
267; 161
279; 86
281; 67
256; 231
275; 131
283; 21
296; 36
288; 40
262; 231
294; 49
272; 151
282; 84
269; 181
286; 97
298; 65
299; 75
307; 36
284; 96
304; 64
280; 179
295; 117
306; 61
310; 53
297; 86
303; 61
270; 266
291; 123
301; 91
308; 85
293; 84
264; 306
290; 153
305; 72
309; 60
314; 80
319; 26
325; 16
313; 67
300; 160
323; 58
316; 99
324; 19
334; 0
317; 54
318; 39
331; 18
302; 201
285; 230
320; 74
328; 15
315; 85
332; 11
322; 52
327; 75
326; 46
337; 4
329; 46
336; 30
335; 46
312; 124
344; 6
333; 56
330; 64
345; 24
354; 11
349; 16
340; 59
346; 64
347; 79
338; 77
356; 16
321; 159
342; 87
348; 52
351; 73
311; 253
359; 15
341; 122
339; 106
343; 81
350; 77
355; 59
360; 16
358; 36
362; 13
353; 116
365; 21
357; 78
363; 41
352; 115
368; 16
361; 105
366; 47
369; 66
372; 21
373; 27
370; 52
375; 32
364; 86
376; 53
371; 65
374; 53
377; 24
382; 6
367; 62
384; 0
379; 19
383; 1
380; 27
378; 23
381; 8
387; 3
386; 1
389; 1
390; 0
385; 20
391; 0
388; 1
392; 5
396; 5
399; 0
394; 0
393; 0
405; 4
403; 15
397; 15
398; 17
407; 5
395; 15
401; 8
406; 4
404; 4
400; 21
402; 19
414; 0
409; 1
408; 3
412; 0
410; 6
411; 1
413; 1
421; 46
415; 47
419; 52
428; 39
433; 14
417; 57
422; 69
418; 75
423; 66
436; 27
427; 49
426; 88
430; 71
431; 71
429; 66
424; 77
416; 123
420; 83
432; 67
447; 8
437; 46
425; 150
434; 109
452; 14
453; 30
444; 93
438; 112
464; 15
445; 63
451; 79
442; 106
465; 21
441; 119
456; 50
448; 69
468; 2
446; 124
440; 143
449; 126
435; 170
460; 59
450; 118
471; 14
458; 120
472; 22
459; 96
461; 128
481; 2
439; 172
469; 36
477; 26
473; 51
454; 112
467; 104
466; 96
485; 16
470; 64
475; 29
476; 84
443; 199
487; 12
455; 199
478; 79
482; 23
462; 129
490; 22
488; 27
498; 12
493; 43
486; 50
463; 198
457; 199
491; 77
483; 100
484; 84
497; 23
480; 85
494; 80
509; 12
474; 160
479; 135
489; 121
506; 45
492; 142
516; 6
495; 111
502; 94
505; 48
501; 66
511; 42
514; 24
496; 99
500; 67
512; 28
503; 106
513; 18
507; 60
499; 91
504; 72
519; 7
517; 10
515; 25
518; 6
521; 4
524; 1
510; 50
523; 0
508; 50
520; 36
525; 12
534; 5
526; 40
541; 18
522; 64
531; 39
539; 29
535; 28
528; 77
529; 41
527; 46
537; 48
550; 2
536; 71
532; 75
542; 61
540; 43
547; 28
551; 14
548; 37
538; 93
561; 30
530; 136
558; 26
544; 105
556; 56
546; 64
562; 45
543; 104
533; 183
549; 101
571; 43
557; 72
554; 125
566; 63
574; 12
579; 8
553; 120
560; 114
575; 82
545; 179
559; 151
577; 81
573; 77
570; 123
592; 25
581; 47
552; 215
564; 176
567; 169
568; 168
589; 51
578; 135
576; 157
569; 198
555; 263
586; 142
582; 95
587; 146
565; 223
623; 15
605; 97
604; 116
594; 118
583; 196
612; 80
588; 184
606; 132
624; 27
607; 74
601; 126
618; 67
563; 362
615; 86
603; 181
628; 69
631; 16
630; 76
610; 169
614; 116
637; 26
616; 147
608; 202
590; 316
617; 150
593; 309
599; 283
584; 341
609; 232
648; 55
611; 239
625; 162
629; 193
657; 29
613; 187
638; 112
585; 368
602; 328
580; 366
668; 12
626; 201
621; 231
665; 23
600; 318
572; 464
640; 108
639; 137
635; 189
627; 240
658; 99
597; 360
659; 60
636; 182
596; 359
595; 344
646; 156
678; 36
634; 279
620; 324
662; 146
651; 165
655; 116
675; 89
666; 98
644; 228
677; 60
676; 103
664; 190
591; 492
660; 190
645; 313
661; 193
622; 468
598; 586
642; 362
685; 125
641; 357
682; 143
695; 66
652; 333
654; 279
663; 304
650; 323
667; 309
633; 440
687; 157
680; 228
673; 288
714; 49
681; 243
698; 119
672; 267
656; 398
721; 56
686; 237
705; 108
703; 125
669; 355
674; 293
707; 115
683; 258
653; 445
711; 136
670; 382
690; 234
684; 285
694; 234
713; 138
696; 207
728; 53
649; 502
720; 149
700; 208
722; 85
647; 509
704; 202
671; 426
742; 17
691; 309
730; 42
737; 63
732; 58
708; 248
709; 246
715; 268
739; 80
744; 77
718; 216
710; 306
738; 78
702; 312
688; 446
716; 312
749; 44
689; 469
755; 19
726; 224
729; 152
731; 214
747; 158
679; 540
699; 415
735; 181
719; 337
693; 505
754; 82
643; 738
724; 236
632; 843
733; 237
736; 207
734; 250
743; 227
701; 456
712; 364
750; 187
776; 40
766; 42
619; 961
725; 358
723; 358
756; 93
767; 100
778; 59
762; 122
748; 245
717; 444
692; 580
781; 90
746; 336
751; 304
745; 360
770; 154
761; 195
772; 140
792; 80
798; 39
774; 121
769; 175
741; 402
759; 222
807; 44
777; 183
783; 181
752; 329
771; 211
763; 241
764; 243
757; 286
786; 178
794; 186
768; 231
815; 42
791; 179
817; 67
765; 332
773; 261
801; 158
760; 321
780; 288
796; 232
784; 276
789; 294
697; 838
793; 263
842; 33
822; 134
811; 227
727; 669
790; 300
829; 101
825; 154
819; 186
799; 333
797; 346
849; 59
805; 318
809; 328
844; 115
840; 134
758; 549
779; 471
810; 321
826; 221
782; 469
832; 156
818; 315
836; 188
834; 220
828; 316
706; 1039
846; 198
803; 471
839; 238
853; 163
813; 389
831; 265
788; 527
854; 192
843; 278
875; 54
814; 444
837; 348
848; 230
802; 512
812; 450
740; 886
860; 165
868; 102
866; 140
850; 308
775; 738
830; 387
880; 69
877; 90
833; 347
859; 204
795; 593
785; 655
869; 170
865; 220
841; 380
886; 103
858; 290
855; 313
871; 175
893; 92
879; 171
882; 192
816; 595
864; 291
862; 303
897; 88
820; 565
902; 47
800; 699
838; 475
857; 353
873; 272
892; 94
824; 576
878; 236
874; 282
881; 243
847; 437
835; 520
903; 65
898; 141
808; 683
888; 171
827; 602
883; 228
753; 1001
861; 437
922; 35
913; 66
928; 6
804; 804
926; 12
924; 16
845; 590
867; 433
906; 190
885; 318
915; 96
901; 261
806; 852
921; 111
890; 297
856; 537
940; 17
896; 248
872; 452
907; 187
821; 806
899; 260
910; 198
891; 376
927; 118
887; 387
851; 611
929; 126
942; 58
955; 30
936; 115
919; 186
950; 78
904; 325
823; 861
939; 92
852; 675
894; 392
900; 347
918; 254
787; 1142
933; 182
963; 16
931; 204
920; 290
962; 71
909; 400
884; 618
917; 309
970; 34
870; 723
976; 55
949; 214
923; 313
914; 434
937; 279
930; 296
905; 495
966; 141
956; 233
953; 253
947; 273
889; 577
984; 120
935; 371
975; 132
908; 474
934; 326
943; 302
946; 279
863; 865
999; 91
895; 660
957; 305
989; 88
958; 296
952; 313
941; 405
968; 214
944; 400
959; 331
925; 520
911; 583
948; 412
993; 145
969; 301
991; 147
982; 231
995; 158
997; 188
979; 220
938; 481
985; 240
972; 269
992; 224
1000; 200
945; 487
996; 213
998; 295
973; 362
961; 452
987; 315
988; 318
974; 396
983; 414
960; 557
994; 356
951; 616
954; 613
967; 505
981; 454
964; 596
965; 562
876; 1121
932; 797
978; 480
980; 575
986; 554
990; 517
971; 643
916; 949
912; 1058
977; 689
