1; 49
4; 27
5; 19
2; 52
9; 7
8; 8
3; 52
6; 34
10; 22
14; 2
7; 48
12; 37
11; 63
13; 59
18; 31
16; 55
17; 57
15; 68
19; 30
20; 31
21; 32
22; 31
23; 57
25; 34
26; 60
29; 43
39; 3
34; 48
27; 86
44; 16
35; 73
28; 111
37; 94
31; 115
36; 109
32; 122
40; 87
38; 103
41; 87
30; 143
24; 185
47; 59
43; 89
46; 78
33; 151
49; 57
45; 97
48; 82
50; 102
51; 84
53; 77
54; 70
67; 1
59; 39
42; 192
57; 73
55; 82
52; 116
56; 90
58; 67
61; 64
63; 54
62; 69
69; 35
64; 56
66; 64
65; 69
72; 34
73; 26
60; 113
74; 42
68; 80
77; 21
71; 63
70; 98
75; 59
79; 50
76; 63
81; 50
78; 104
86; 51
80; 85
85; 53
90; 26
88; 39
93; 4
83; 79
84; 73
96; 3
82; 113
91; 37
102; 10
95; 52
87; 96
89; 93
92; 71
98; 65
100; 75
108; 36
94; 111
99; 89
104; 70
109; 38
105; 73
103; 79
110; 38
106; 88
101; 123
97; 142
107; 96
115; 46
117; 26
113; 59
120; 11
114; 77
111; 90
112; 93
121; 23
119; 58
116; 78
118; 88
125; 3
126; 2
123; 22
124; 32
128; 13
129; 22
122; 68
132; 3
130; 72
136; 32
127; 99
133; 61
131; 76
137; 41
142; 12
135; 63
138; 41
134; 73
139; 61
140; 58
144; 47
145; 45
141; 87
146; 43
148; 23
149; 32
143; 86
147; 51
155; 1
154; 24
151; 64
150; 67
152; 67
153; 78
157; 57
160; 44
156; 60
158; 63
159; 78
166; 14
162; 54
168; 14
161; 64
163; 53
164; 63
170; 54
167; 83
172; 54
171; 63
173; 48
169; 85
165; 122
174; 46
180; 1
175; 58
176; 67
178; 39
177; 73
181; 48
185; 30
182; 65
184; 52
183; 57
179; 96
186; 45
187; 93
192; 7
188; 73
195; 13
190; 50
191; 37
189; 62
194; 36
197; 26
200; 7
193; 66
210; 8
202; 34
196; 76
206; 36
204; 50
211; 26
209; 38
207; 46
201; 69
205; 74
203; 85
212; 36
208; 84
199; 113
198; 118
214; 28
218; 12
213; 50
215; 42
217; 35
216; 46
222; 12
221; 31
220; 50
219; 63
223; 41
225; 18
226; 8
224; 67
230; 19
229; 30
234; 2
228; 40
227; 55
236; 13
232; 39
233; 40
237; 36
238; 40
245; 9
231; 91
246; 32
235; 106
242; 59
243; 69
239; 99
256; 24
244; 96
240; 131
241; 128
247; 105
251; 79
254; 70
259; 63
249; 130
262; 62
264; 42
267; 18
265; 43
248; 151
255; 116
250; 139
266; 38
252; 137
257; 129
253; 149
263; 101
271; 52
258; 134
273; 49
276; 25
261; 142
272; 61
260; 151
270; 83
269; 95
268; 98
279; 17
274; 87
277; 60
275; 86
280; 26
284; 16
281; 31
285; 5
283; 29
278; 88
282; 64
286; 22
291; 41
293; 31
287; 78
289; 66
292; 59
290; 66
294; 37
288; 87
296; 56
297; 72
299; 33
295; 87
301; 27
298; 78
300; 46
308; 6
304; 24
303; 32
305; 27
310; 14
302; 73
311; 34
307; 62
309; 57
306; 78
312; 48
314; 29
318; 9
315; 52
313; 69
316; 59
317; 60
320; 38
321; 34
325; 22
322; 60
319; 105
324; 60
323; 65
326; 45
328; 41
331; 58
340; 7
333; 52
327; 94
335; 55
329; 97
346; 10
343; 33
341; 52
352; 33
349; 43
338; 113
334; 142
336; 133
342; 103
345; 82
332; 159
337; 141
354; 59
350; 74
344; 113
359; 4
348; 91
347; 94
356; 75
339; 164
330; 220
360; 29
357; 67
358; 63
351; 127
365; 39
362; 57
355; 133
368; 36
366; 58
353; 147
370; 45
363; 96
374; 39
361; 109
378; 23
379; 33
380; 23
376; 66
373; 88
367; 119
371; 102
372; 101
384; 37
389; 11
375; 108
369; 140
364; 170
381; 74
382; 81
385; 67
390; 43
387; 72
388; 76
386; 84
394; 44
391; 73
377; 169
392; 65
397; 33
383; 139
393; 83
395; 82
398; 29
396; 79
400; 39
401; 44
403; 37
402; 43
404; 47
399; 64
405; 31
406; 42
407; 65
410; 58
414; 34
408; 75
415; 31
409; 73
419; 3
411; 72
412; 80
417; 29
418; 40
413; 99
425; 13
422; 27
416; 77
421; 45
420; 55
424; 31
423; 49
427; 26
426; 37
428; 22
432; 12
436; 4
429; 57
433; 40
430; 60
431; 62
435; 34
438; 20
434; 71
439; 43
440; 33
441; 24
437; 58
443; 21
442; 58
448; 8
447; 25
446; 58
444; 78
451; 12
445; 87
453; 8
449; 75
458; 9
450; 68
452; 46
455; 61
457; 49
462; 37
454; 90
460; 69
467; 40
464; 68
463; 72
456; 104
459; 93
468; 61
461; 95
476; 19
470; 72
480; 13
472; 89
477; 45
473; 99
471; 106
474; 81
482; 59
490; 7
475; 114
479; 93
484; 79
469; 182
487; 67
495; 37
496; 36
465; 217
481; 128
493; 87
466; 244
502; 39
478; 168
500; 46
492; 110
498; 60
501; 53
505; 45
497; 70
485; 151
489; 144
504; 69
486; 152
491; 142
483; 193
499; 95
488; 188
494; 166
510; 61
511; 57
512; 58
517; 47
503; 146
515; 68
514; 77
531; 15
516; 86
509; 120
507; 152
526; 45
506; 177
523; 73
521; 104
542; 50
528; 115
525; 152
520; 167
536; 109
548; 47
530; 144
540; 120
519; 240
543; 150
549; 112
524; 237
534; 207
554; 99
563; 49
513; 319
545; 188
553; 150
537; 241
518; 321
541; 234
576; 22
565; 80
560; 127
566; 103
527; 317
508; 409
529; 318
539; 284
571; 91
552; 209
551; 222
533; 326
546; 293
547; 279
569; 147
559; 196
535; 342
556; 224
582; 46
568; 168
544; 330
562; 197
584; 36
572; 144
564; 206
587; 51
580; 95
570; 194
573; 171
581; 97
555; 287
522; 469
567; 228
575; 187
586; 83
532; 443
557; 306
538; 423
589; 90
579; 173
561; 283
574; 217
558; 322
596; 72
592; 93
578; 193
583; 154
585; 128
597; 36
590; 115
550; 393
595; 89
577; 227
594; 100
588; 149
593; 132
599; 78
598; 86
601; 16
591; 163
604; 5
600; 50
603; 24
602; 39
605; 25
606; 48
608; 10
611; 17
609; 27
607; 45
610; 57
612; 44
613; 49
614; 43
615; 27
619; 21
618; 35
616; 61
620; 36
630; 9
628; 26
617; 121
621; 68
626; 60
622; 80
625; 74
623; 83
624; 92
627; 83
629; 74
631; 48
632; 72
633; 74
634; 72
635; 70
637; 63
640; 21
636; 87
638; 75
639; 84
641; 39
644; 24
643; 37
642; 57
646; 7
645; 23
651; 19
647; 39
648; 37
653; 36
650; 57
649; 63
655; 21
652; 66
656; 24
654; 82
660; 34
657; 68
662; 25
658; 74
664; 6
661; 59
659; 73
663; 45
665; 45
669; 24
672; 11
671; 42
681; 9
674; 55
670; 75
667; 89
666; 115
673; 82
675; 76
676; 76
668; 117
683; 44
685; 43
684; 49
678; 107
677; 111
680; 83
682; 88
679; 107
693; 21
688; 59
699; 14
687; 88
692; 54
689; 73
696; 30
690; 75
691; 81
695; 59
697; 55
694; 71
686; 139
700; 24
701; 37
698; 87
706; 22
708; 27
710; 21
709; 29
707; 44
702; 67
704; 58
703; 62
711; 52
712; 51
705; 103
713; 39
716; 39
714; 62
715; 59
717; 62
718; 10
720; 46
721; 58
723; 57
719; 90
730; 38
731; 36
726; 56
724; 90
725; 72
729; 84
727; 89
722; 123
735; 11
728; 104
733; 61
732; 92
734; 59
740; 1
736; 50
738; 31
742; 17
739; 61
745; 29
750; 4
744; 64
746; 50
752; 2
747; 59
743; 81
748; 61
749; 55
753; 20
755; 12
737; 140
741; 105
751; 45
754; 21
756; 13
759; 19
765; 8
760; 47
764; 15
758; 82
757; 92
762; 45
769; 10
766; 39
763; 56
761; 92
775; 6
774; 24
773; 30
770; 42
767; 79
768; 88
771; 74
778; 49
777; 75
781; 57
780; 88
782; 84
784; 56
776; 122
772; 155
790; 47
783; 105
786; 77
788; 81
797; 27
791; 71
787; 100
792; 71
794; 94
785; 150
801; 70
789; 143
815; 21
805; 79
800; 96
796; 120
813; 37
798; 107
795; 143
802; 123
779; 283
818; 52
807; 122
817; 62
803; 155
808; 141
810; 131
825; 40
821; 82
804; 180
811; 147
812; 137
816; 104
835; 14
793; 242
829; 46
826; 71
820; 126
799; 226
819; 137
822; 125
836; 63
814; 199
806; 259
838; 56
809; 251
827; 120
830; 119
842; 41
831; 124
840; 60
843; 22
833; 118
823; 179
834; 118
828; 138
837; 124
845; 61
848; 36
832; 178
849; 39
844; 84
841; 119
846; 58
850; 45
839; 149
824; 261
854; 42
859; 17
847; 93
856; 68
860; 61
858; 75
853; 103
862; 60
863; 48
857; 93
855; 106
869; 2
851; 137
852; 140
861; 87
864; 47
865; 57
874; 16
871; 36
870; 50
873; 42
867; 82
868; 78
866; 95
875; 64
881; 6
872; 99
878; 45
884; 17
876; 86
879; 50
880; 47
882; 48
877; 103
890; 26
886; 58
888; 47
885; 71
887; 57
883; 125
892; 43
894; 32
889; 80
891; 69
898; 53
895; 60
901; 26
893; 85
897; 78
899; 46
900; 43
907; 12
896; 90
905; 43
910; 13
902; 66
913; 29
917; 26
922; 3
904; 103
916; 50
924; 26
928; 52
919; 75
925; 73
934; 29
909; 130
906; 165
908; 155
912; 137
915; 155
935; 64
914; 162
903; 219
931; 130
941; 48
932; 126
911; 209
945; 63
921; 183
943; 88
960; 17
918; 244
962; 39
961; 48
937; 173
927; 236
929; 233
940; 157
942; 148
936; 188
965; 68
926; 261
939; 185
954; 137
948; 179
933; 253
972; 22
970; 42
956; 156
920; 338
952; 213
949; 240
944; 249
974; 59
967; 122
951; 239
953; 241
955; 226
950; 266
968; 150
947; 278
923; 396
983; 52
966; 179
957; 240
946; 361
990; 71
973; 195
959; 284
982; 138
969; 235
976; 171
989; 79
963; 291
964; 290
992; 80
938; 411
980; 167
975; 194
987; 136
978; 199
988; 130
993; 81
958; 330
930; 512
979; 209
991; 121
981; 201
997; 32
998; 22
984; 195
977; 246
971; 282
1000; 35
986; 209
994; 98
999; 57
985; 223
996; 82
995; 210
3; 10
6; 1
1; 54
4; 35
2; 54
5; 39
8; 32
7; 58
12; 32
14; 56
20; 2
16; 52
15; 65
9; 93
11; 88
17; 49
18; 44
10; 109
13; 95
22; 2
19; 74
23; 37
21; 75
26; 35
25; 43
24; 57
29; 22
27; 67
30; 35
32; 21
28; 54
33; 25
35; 27
36; 36
37; 28
41; 4
34; 59
31; 78
44; 4
39; 29
40; 39
38; 58
43; 58
42; 90
45; 43
49; 1
46; 72
48; 31
47; 63
50; 69
51; 54
55; 11
53; 44
52; 56
56; 28
57; 53
58; 53
54; 83
59; 52
60; 65
61; 68
67; 49
72; 5
65; 59
63; 78
62; 83
64; 81
70; 34
68; 58
69; 56
66; 114
79; 1
71; 68
73; 50
75; 53
78; 29
74; 57
80; 33
77; 46
87; 23
76; 89
85; 47
82; 57
83; 80
81; 110
86; 81
88; 80
84; 95
89; 80
94; 22
91; 83
90; 84
96; 30
93; 78
92; 124
100; 29
98; 59
101; 47
95; 91
99; 67
103; 45
104; 33
106; 51
97; 113
102; 74
105; 68
108; 37
113; 13
107; 74
117; 1
114; 37
109; 53
115; 34
112; 62
110; 87
111; 84
119; 27
116; 74
123; 11
118; 50
120; 37
121; 48
128; 9
122; 76
126; 41
125; 46
124; 72
127; 68
130; 25
131; 28
129; 72
133; 57
136; 41
140; 26
141; 47
132; 92
139; 66
147; 31
150; 30
153; 64
135; 145
134; 147
144; 109
138; 153
157; 63
160; 62
165; 48
168; 35
146; 135
169; 48
156; 109
155; 127
143; 170
154; 140
166; 105
142; 210
164; 121
174; 32
149; 189
163; 145
159; 161
152; 192
170; 119
172; 110
148; 223
162; 175
137; 284
176; 54
175; 63
180; 29
145; 260
173; 118
151; 245
171; 162
177; 109
181; 70
158; 258
184; 63
161; 259
179; 119
188; 46
185; 93
167; 262
183; 103
178; 168
186; 107
182; 134
194; 56
189; 89
192; 77
202; 58
205; 47
198; 88
201; 90
193; 139
197; 110
187; 176
212; 33
190; 175
200; 120
195; 151
206; 109
209; 100
207; 102
213; 60
191; 196
211; 73
204; 157
196; 200
214; 94
208; 152
223; 25
199; 198
221; 43
219; 61
220; 62
215; 116
216; 101
203; 216
210; 177
225; 25
218; 88
222; 83
217; 101
224; 66
226; 42
229; 1
227; 60
233; 30
235; 70
230; 91
240; 65
238; 82
232; 129
239; 101
252; 43
228; 147
234; 144
246; 96
245; 98
255; 16
231; 177
236; 153
243; 141
250; 98
248; 119
254; 61
242; 146
241; 154
247; 134
251; 105
244; 151
253; 87
237; 184
261; 4
257; 37
249; 152
256; 57
260; 28
258; 68
259; 64
262; 35
263; 51
264; 52
265; 51
268; 36
269; 18
267; 57
272; 18
271; 32
266; 78
270; 36
281; 16
273; 58
275; 57
282; 32
284; 26
283; 42
278; 84
277; 88
274; 109
286; 43
279; 92
280; 92
289; 29
276; 126
288; 63
294; 26
293; 40
290; 59
287; 79
285; 125
296; 71
297; 70
291; 111
298; 82
295; 102
292; 125
300; 87
310; 18
305; 64
299; 104
303; 86
307; 61
302; 94
306; 84
311; 27
301; 116
304; 96
316; 2
315; 20
309; 81
313; 43
317; 28
308; 119
314; 55
321; 36
320; 62
312; 93
336; 16
322; 78
335; 28
337; 13
334; 39
342; 4
327; 82
319; 114
324; 113
325; 112
318; 136
331; 95
340; 44
332; 95
338; 69
339; 74
328; 135
346; 8
326; 161
341; 78
349; 5
323; 173
330; 149
329; 156
333; 139
348; 31
343; 95
344; 98
345; 79
347; 56
353; 16
354; 20
359; 5
351; 75
352; 77
358; 68
356; 118
355; 126
382; 39
365; 107
366; 114
373; 72
360; 134
394; 12
392; 15
389; 31
377; 94
386; 52
378; 107
384; 77
364; 184
363; 209
375; 160
383; 144
361; 247
372; 206
370; 212
395; 138
350; 339
379; 218
362; 289
401; 136
388; 208
408; 124
399; 172
357; 358
369; 288
403; 162
397; 202
390; 233
374; 302
412; 134
393; 233
413; 136
409; 154
380; 303
387; 263
376; 312
414; 139
381; 304
418; 99
404; 205
398; 229
371; 342
415; 155
419; 124
396; 278
391; 293
424; 74
402; 259
368; 415
405; 243
417; 186
367; 428
406; 264
400; 303
428; 66
411; 255
432; 46
435; 24
431; 61
433; 42
430; 64
438; 12
410; 279
416; 244
420; 185
436; 55
421; 195
425; 163
385; 440
407; 350
434; 107
448; 31
426; 186
444; 57
422; 250
429; 161
423; 235
451; 45
437; 120
439; 108
443; 92
458; 10
453; 26
441; 103
427; 212
449; 82
445; 105
442; 141
452; 78
459; 52
461; 32
460; 49
454; 69
440; 163
450; 115
463; 10
447; 150
446; 157
456; 113
462; 59
455; 125
457; 116
472; 32
474; 34
468; 67
466; 78
467; 73
477; 50
484; 20
471; 93
485; 19
465; 118
470; 104
469; 115
464; 158
486; 53
490; 28
482; 84
483; 85
487; 76
478; 129
473; 168
492; 49
480; 122
479; 138
481; 126
497; 38
494; 65
476; 165
475; 190
491; 77
488; 111
489; 98
496; 77
493; 98
495; 98
509; 16
503; 46
500; 70
501; 71
506; 72
502; 83
512; 39
499; 104
505; 81
504; 86
508; 86
511; 66
507; 99
515; 52
498; 137
513; 68
519; 15
516; 65
510; 113
518; 64
514; 145
520; 107
522; 115
517; 136
521; 129
527; 99
524; 113
529; 102
534; 61
530; 94
533; 86
528; 127
523; 164
542; 24
535; 94
538; 65
525; 161
537; 100
539; 73
532; 129
546; 32
545; 39
548; 41
526; 209
541; 105
544; 80
536; 171
549; 90
531; 207
547; 97
550; 85
555; 60
551; 90
540; 172
563; 36
557; 60
554; 85
556; 82
553; 96
561; 71
559; 81
543; 170
552; 131
567; 39
562; 115
564; 101
565; 90
573; 44
568; 87
569; 84
560; 151
570; 64
571; 61
566; 130
558; 162
572; 62
575; 50
580; 31
579; 57
577; 70
586; 38
578; 82
574; 125
594; 34
581; 103
582; 116
585; 103
583; 134
589; 120
576; 183
595; 88
591; 112
588; 140
587; 141
590; 130
600; 51
584; 158
601; 35
597; 79
593; 114
599; 76
592; 140
603; 42
598; 85
596; 126
605; 34
606; 26
609; 24
608; 58
602; 93
607; 72
604; 96
610; 21
611; 29
612; 8
616; 18
619; 21
614; 45
617; 32
615; 41
613; 55
620; 27
621; 85
618; 101
625; 48
622; 69
623; 60
630; 28
626; 59
624; 70
627; 68
629; 61
628; 76
631; 47
633; 17
639; 17
636; 32
635; 48
632; 69
637; 51
642; 25
638; 81
634; 96
641; 61
640; 66
650; 14
653; 20
644; 65
643; 75
647; 69
649; 55
656; 3
651; 63
654; 40
646; 99
659; 12
648; 104
652; 75
645; 115
657; 46
655; 62
658; 48
660; 53
662; 53
661; 67
665; 66
664; 72
663; 80
671; 58
674; 54
668; 77
666; 113
675; 41
679; 28
673; 71
672; 74
670; 83
667; 107
669; 96
678; 69
685; 19
682; 44
681; 50
676; 98
697; 35
687; 88
683; 113
707; 7
680; 138
704; 43
684; 129
694; 98
686; 141
702; 90
703; 102
711; 63
695; 159
706; 113
677; 283
691; 181
689; 193
712; 86
701; 164
692; 199
710; 99
693; 210
716; 80
690; 225
708; 163
688; 249
699; 232
696; 240
719; 120
720; 134
722; 106
728; 60
714; 164
715; 159
717; 150
698; 262
713; 168
729; 81
726; 115
725; 121
709; 253
727; 133
732; 59
730; 91
721; 189
731; 86
746; 14
733; 95
739; 68
744; 45
750; 30
700; 372
705; 349
752; 21
749; 56
723; 234
724; 230
734; 139
737; 127
743; 87
748; 71
740; 110
741; 103
738; 131
742; 103
751; 72
758; 40
718; 328
747; 110
754; 63
761; 64
766; 22
753; 112
755; 88
735; 220
736; 211
759; 95
760; 93
763; 72
745; 185
767; 57
757; 125
764; 76
768; 63
769; 63
762; 135
770; 61
775; 15
774; 34
756; 159
771; 74
765; 121
772; 65
776; 42
778; 45
781; 30
779; 80
782; 71
780; 81
773; 138
791; 90
790; 95
802; 9
794; 80
792; 111
777; 176
807; 23
784; 140
787; 138
793; 136
798; 100
788; 187
803; 95
804; 113
797; 145
783; 237
813; 27
786; 229
809; 86
800; 149
795; 192
805; 145
801; 172
812; 69
811; 72
806; 163
796; 207
785; 277
808; 148
789; 268
810; 126
814; 91
822; 13
799; 230
821; 30
818; 62
816; 104
815; 124
817; 94
825; 33
819; 83
829; 4
826; 21
824; 53
820; 87
827; 27
828; 25
831; 20
823; 81
830; 39
833; 39
845; 5
835; 69
843; 34
834; 88
840; 46
832; 119
837; 80
844; 72
850; 31
846; 95
856; 19
842; 114
838; 133
852; 66
849; 124
836; 170
848; 136
853; 69
857; 64
855; 74
858; 40
847; 150
854; 87
862; 36
851; 133
865; 1
841; 189
867; 6
864; 37
860; 87
863; 75
868; 46
871; 31
859; 119
866; 61
839; 260
861; 128
874; 40
873; 45
876; 18
869; 79
877; 12
870; 95
878; 16
872; 95
875; 88
879; 31
881; 20
880; 36
883; 13
885; 18
882; 49
884; 47
886; 41
887; 69
890; 51
889; 57
891; 45
888; 70
893; 57
897; 22
892; 79
901; 7
896; 54
903; 13
902; 24
895; 59
894; 91
898; 49
899; 50
908; 9
900; 78
904; 58
911; 10
907; 48
912; 1
906; 51
909; 53
910; 55
905; 68
914; 6
922; 24
921; 32
917; 55
915; 74
918; 67
916; 72
913; 87
925; 54
924; 67
920; 82
927; 67
923; 109
919; 120
930; 54
932; 40
926; 120
933; 55
928; 98
935; 54
929; 102
942; 1
940; 27
938; 38
939; 32
931; 98
936; 83
937; 72
934; 105
941; 77
945; 46
951; 1
944; 62
943; 78
948; 22
946; 45
952; 20
947; 42
955; 33
949; 67
959; 39
953; 63
960; 55
956; 73
954; 132
973; 35
963; 112
965; 115
950; 180
979; 25
958; 163
964; 122
968; 103
961; 156
978; 40
957; 183
970; 115
967; 133
962; 208
976; 113
993; 49
984; 83
989; 94
983; 109
981; 130
972; 218
982; 134
977; 191
991; 121
975; 202
986; 143
992; 121
990; 136
996; 85
987; 159
971; 265
998; 82
988; 191
966; 334
1000; 119
995; 181
997; 141
974; 284
985; 233
980; 247
994; 241
969; 438
999; 416
1; 14
2; 31
3; 37
6; 28
8; 28
7; 52
14; 36
18; 7
10; 58
11; 55
4; 109
16; 59
5; 119
20; 32
9; 105
24; 41
12; 132
15; 115
25; 45
26; 40
29; 34
27; 43
13; 152
19; 106
21; 102
30; 48
22; 96
28; 75
17; 158
33; 40
23; 132
36; 29
32; 95
31; 104
37; 49
34; 64
42; 5
41; 29
54; 6
38; 96
35; 132
49; 72
46; 87
45; 91
51; 61
57; 53
44; 117
61; 47
48; 117
59; 73
39; 154
52; 100
66; 45
55; 98
53; 122
58; 108
40; 182
64; 95
50; 144
76; 12
56; 140
74; 22
47; 185
65; 98
63; 113
60; 140
43; 207
69; 83
77; 42
68; 86
79; 70
75; 87
73; 95
82; 51
81; 71
72; 117
78; 107
80; 98
86; 39
84; 64
67; 182
71; 152
85; 64
88; 30
83; 95
89; 2
70; 178
62; 245
87; 67
93; 32
91; 44
90; 50
94; 43
92; 60
96; 29
95; 70
101; 18
97; 52
98; 52
100; 43
99; 73
103; 32
107; 11
104; 43
102; 60
105; 38
106; 53
109; 11
108; 66
110; 17
112; 34
111; 42
118; 5
113; 36
121; 9
114; 48
117; 28
115; 46
120; 24
119; 34
116; 65
123; 46
122; 57
129; 10
124; 58
128; 26
130; 38
126; 75
131; 74
127; 92
125; 109
138; 51
132; 80
137; 74
134; 93
143; 43
142; 61
144; 51
135; 105
140; 77
136; 110
139; 89
133; 118
145; 33
141; 99
147; 33
146; 68
148; 59
149; 59
152; 29
150; 59
151; 55
153; 55
157; 15
156; 39
155; 44
154; 95
158; 37
161; 27
159; 71
160; 46
170; 1
166; 38
165; 54
175; 13
171; 65
176; 49
163; 107
167; 109
162; 127
178; 61
173; 94
174; 87
164; 144
168; 118
172; 129
192; 12
185; 60
191; 55
181; 108
184; 85
169; 166
183; 103
188; 97
187; 97
177; 160
179; 150
190; 109
193; 67
180; 174
189; 153
195; 57
196; 57
186; 158
201; 39
182; 218
203; 57
198; 87
202; 64
197; 99
199; 102
200; 106
211; 38
194; 144
206; 100
217; 51
210; 89
208; 109
205; 135
213; 83
212; 106
222; 63
214; 102
207; 144
228; 26
209; 150
219; 111
204; 195
216; 131
226; 76
231; 34
227; 87
224; 120
233; 61
236; 28
234; 63
218; 172
220; 153
221; 165
215; 193
225; 146
223; 166
235; 77
230; 120
240; 14
232; 120
238; 54
241; 12
229; 162
244; 12
237; 92
242; 44
245; 29
239; 107
252; 27
247; 60
251; 55
248; 63
243; 80
256; 15
253; 37
257; 16
246; 80
250; 69
254; 45
249; 90
255; 52
258; 20
260; 10
259; 49
263; 6
262; 46
261; 60
266; 1
267; 18
265; 25
271; 24
264; 67
269; 66
275; 37
268; 76
281; 38
273; 89
272; 98
274; 103
270; 123
286; 45
278; 101
290; 47
276; 129
283; 103
279; 126
289; 52
284; 105
287; 83
277; 139
282; 116
285; 115
291; 68
293; 24
295; 24
298; 13
288; 112
280; 163
292; 46
296; 46
297; 62
299; 53
294; 75
300; 52
301; 38
304; 22
305; 25
308; 4
302; 74
312; 7
303; 75
318; 12
309; 48
311; 69
307; 85
306; 88
324; 26
313; 66
317; 57
326; 6
320; 63
315; 72
323; 45
322; 55
319; 73
314; 83
329; 28
316; 96
321; 80
310; 139
328; 49
327; 52
325; 71
333; 34
335; 33
330; 61
331; 58
338; 45
336; 56
339; 38
337; 66
334; 87
332; 119
343; 47
344; 37
351; 1
352; 5
342; 79
354; 1
340; 92
346; 64
341; 101
345; 90
348; 72
355; 33
347; 83
350; 60
353; 54
349; 96
357; 24
356; 75
359; 56
358; 63
360; 59
361; 63
363; 54
366; 17
362; 80
364; 56
368; 16
365; 55
367; 41
375; 10
374; 36
370; 71
373; 57
378; 19
371; 76
369; 130
372; 94
379; 50
376; 68
381; 44
380; 62
389; 16
377; 97
386; 36
385; 49
382; 61
384; 78
390; 38
387; 65
383; 87
388; 74
393; 35
391; 72
394; 30
392; 74
395; 45
398; 33
401; 4
407; 2
397; 69
404; 22
396; 83
403; 28
406; 17
399; 67
400; 62
402; 52
410; 27
405; 53
412; 23
408; 62
409; 61
416; 29
411; 60
415; 47
413; 52
414; 55
417; 35
420; 21
421; 33
418; 56
422; 27
419; 59
426; 3
425; 12
427; 3
424; 26
430; 5
429; 42
428; 52
423; 94
431; 49
435; 20
432; 81
441; 1
442; 1
437; 52
434; 69
433; 78
439; 40
438; 61
443; 21
440; 46
444; 31
436; 90
446; 13
447; 83
445; 110
451; 43
452; 38
454; 48
448; 99
455; 54
449; 96
458; 51
453; 89
466; 5
464; 18
450; 115
467; 1
459; 79
462; 64
456; 106
457; 118
469; 37
460; 106
468; 44
471; 44
461; 121
463; 96
475; 47
465; 116
474; 49
478; 50
481; 8
477; 62
470; 112
473; 100
480; 51
484; 18
472; 117
476; 103
483; 30
479; 73
486; 29
485; 33
482; 65
490; 24
487; 60
488; 55
491; 34
489; 86
497; 10
492; 42
495; 38
496; 50
493; 69
494; 65
498; 31
503; 2
501; 36
499; 60
504; 25
509; 50
500; 95
517; 50
502; 113
515; 84
512; 92
506; 113
510; 121
523; 71
519; 100
521; 100
508; 142
520; 112
507; 156
516; 134
532; 18
526; 83
522; 117
511; 181
530; 75
505; 191
513; 168
535; 25
533; 41
534; 37
514; 178
525; 120
524; 133
527; 103
531; 103
539; 2
538; 4
540; 1
537; 29
528; 117
518; 193
536; 55
529; 127
547; 18
543; 41
548; 17
542; 53
544; 51
552; 3
541; 76
546; 60
549; 51
550; 30
545; 80
554; 14
551; 60
553; 57
561; 13
560; 23
556; 49
558; 50
557; 56
562; 31
555; 63
559; 73
565; 1
563; 38
564; 39
566; 50
567; 60
568; 72
569; 41
571; 13
570; 37
576; 4
572; 63
574; 51
578; 35
575; 47
583; 25
580; 34
584; 42
582; 51
579; 58
573; 95
585; 41
577; 67
581; 70
594; 21
589; 41
588; 44
591; 40
587; 66
595; 72
590; 92
586; 114
602; 42
592; 91
597; 77
603; 43
593; 95
598; 80
609; 2
599; 91
596; 122
601; 99
600; 106
605; 52
604; 57
610; 36
612; 60
606; 93
607; 86
614; 58
617; 32
608; 93
613; 88
619; 44
615; 73
624; 9
620; 28
618; 60
622; 24
633; 5
630; 26
627; 42
611; 157
629; 39
625; 66
626; 71
632; 63
631; 66
640; 5
634; 56
616; 159
621; 109
623; 101
639; 25
644; 6
628; 95
636; 127
635; 136
646; 76
647; 65
649; 54
641; 105
637; 140
655; 75
652; 93
642; 147
664; 32
651; 115
638; 186
661; 66
657; 97
654; 134
643; 184
653; 142
658; 112
662; 100
656; 139
663; 105
645; 194
668; 59
665; 81
648; 191
659; 129
672; 50
670; 66
671; 65
677; 24
679; 2
680; 11
678; 28
681; 34
673; 87
650; 223
674; 79
675; 81
660; 182
669; 131
682; 54
667; 154
684; 44
666; 167
676; 114
685; 57
683; 98
687; 47
691; 16
693; 47
688; 85
695; 51
698; 41
700; 39
696; 53
686; 102
689; 89
694; 84
701; 52
690; 117
699; 80
697; 91
703; 35
692; 114
704; 41
705; 40
702; 66
706; 39
710; 24
709; 57
713; 52
711; 62
714; 86
708; 117
723; 53
720; 68
707; 133
724; 67
716; 106
717; 96
712; 119
725; 72
733; 2
715; 122
732; 19
718; 105
727; 51
726; 66
728; 58
729; 52
722; 108
730; 54
721; 124
740; 1
739; 2
719; 146
737; 8
734; 14
731; 71
738; 11
745; 9
746; 13
741; 52
748; 21
742; 50
743; 51
747; 27
751; 3
735; 88
736; 87
744; 91
754; 11
749; 67
756; 25
755; 36
752; 78
761; 27
750; 108
759; 45
758; 46
753; 85
762; 40
764; 40
768; 15
757; 85
769; 4
763; 72
770; 25
760; 103
765; 61
766; 66
771; 60
772; 53
767; 97
773; 60
775; 38
774; 56
776; 40
777; 45
778; 54
780; 40
779; 58
781; 39
787; 4
782; 90
792; 63
791; 78
793; 78
800; 38
802; 39
794; 103
784; 155
795; 115
786; 146
789; 151
805; 72
803; 77
790; 166
798; 135
806; 87
801; 134
783; 228
807; 110
797; 167
788; 218
785; 237
808; 128
809; 112
810; 104
811; 102
796; 202
799; 202
816; 82
815; 85
804; 170
823; 2
814; 100
813; 117
817; 105
819; 51
820; 46
821; 49
812; 150
822; 51
818; 109
824; 19
827; 1
825; 32
829; 16
828; 36
831; 5
826; 56
835; 6
832; 32
833; 33
836; 17
830; 59
837; 12
834; 37
840; 12
838; 19
846; 15
842; 33
844; 39
843; 41
839; 60
847; 38
845; 54
841; 73
849; 34
848; 67
850; 36
851; 24
852; 35
854; 24
853; 47
856; 10
855; 48
857; 31
859; 27
858; 30
860; 33
861; 37
865; 9
862; 43
864; 20
863; 56
870; 26
866; 42
868; 44
869; 45
867; 58
871; 32
874; 12
872; 48
873; 47
875; 55
881; 25
885; 3
880; 33
877; 38
876; 46
884; 32
882; 51
878; 65
879; 68
888; 4
883; 52
892; 21
887; 44
893; 31
890; 41
895; 26
886; 68
894; 46
891; 57
889; 69
909; 7
902; 63
905; 74
900; 85
903; 82
916; 62
898; 139
896; 171
928; 8
906; 121
922; 84
910; 146
914; 145
919; 159
926; 99
911; 197
938; 16
936; 47
931; 76
907; 211
912; 199
920; 177
901; 238
927; 125
934; 79
939; 26
904; 244
942; 7
915; 208
924; 152
897; 285
921; 193
917; 204
933; 95
929; 134
908; 248
899; 274
925; 156
923; 219
937; 87
930; 155
932; 128
913; 252
935; 125
943; 55
918; 255
946; 26
944; 52
940; 86
947; 40
945; 64
948; 27
941; 126
950; 13
956; 5
949; 55
954; 29
953; 53
951; 66
955; 56
952; 70
961; 20
957; 80
958; 77
966; 32
963; 40
968; 26
965; 51
959; 97
960; 119
962; 89
964; 84
972; 62
970; 68
975; 47
973; 57
969; 78
967; 110
971; 102
974; 76
978; 59
979; 55
982; 24
977; 118
984; 25
976; 129
993; 18
981; 81
990; 36
989; 39
987; 53
991; 39
988; 53
980; 124
997; 36
994; 62
1000; 1
996; 56
985; 106
986; 118
998; 65
983; 129
999; 69
992; 119
995; 105
1; 22
2; 21
3; 42
4; 32
12; 3
5; 56
6; 50
11; 35
8; 53
7; 60
10; 60
9; 74
13; 59
14; 48
18; 14
17; 24
16; 53
15; 90
23; 25
20; 36
19; 62
25; 58
24; 76
26; 72
21; 107
22; 114
36; 16
27; 86
30; 74
28; 87
33; 68
34; 60
40; 38
32; 95
31; 103
35; 73
37; 58
38; 58
29; 124
39; 80
45; 17
43; 58
42; 76
44; 55
46; 53
47; 38
41; 115
52; 27
50; 55
57; 9
55; 16
51; 68
54; 49
53; 53
58; 28
60; 13
49; 91
48; 113
63; 3
56; 69
66; 21
68; 14
59; 65
62; 54
70; 16
61; 67
65; 69
64; 73
67; 57
73; 50
69; 87
71; 67
81; 26
74; 76
72; 90
84; 36
77; 63
78; 66
79; 66
82; 57
76; 88
75; 104
83; 86
86; 82
80; 129
85; 143
87; 125
91; 72
100; 33
88; 108
92; 75
96; 69
113; 9
89; 109
90; 109
106; 57
101; 64
105; 60
108; 59
97; 87
102; 79
107; 76
99; 95
115; 22
110; 51
95; 120
93; 128
94; 134
111; 64
104; 107
114; 69
98; 132
112; 89
109; 112
103; 144
119; 14
116; 92
120; 1
118; 88
121; 15
117; 104
126; 16
135; 32
133; 48
131; 52
123; 91
128; 81
125; 87
129; 82
136; 44
140; 16
134; 77
143; 16
127; 117
124; 131
142; 31
132; 113
122; 154
138; 70
139; 69
145; 40
130; 142
141; 61
137; 96
146; 49
147; 30
144; 80
151; 17
149; 43
150; 50
152; 42
148; 69
154; 32
153; 52
155; 88
156; 63
158; 57
157; 70
165; 15
160; 64
161; 83
162; 69
174; 11
163; 82
159; 121
166; 75
167; 72
164; 85
168; 67
170; 49
175; 3
177; 29
173; 69
169; 109
171; 89
172; 94
182; 37
176; 61
186; 77
178; 111
192; 65
194; 60
199; 30
189; 96
191; 95
184; 133
209; 20
180; 154
179; 172
201; 75
198; 97
181; 197
211; 66
185; 193
220; 35
202; 128
212; 93
190; 197
216; 74
183; 232
200; 161
208; 141
210; 121
205; 160
215; 114
206; 166
225; 3
219; 90
218; 115
207; 177
214; 135
196; 219
197; 219
203; 198
187; 268
222; 64
221; 67
204; 209
193; 266
188; 285
195; 264
213; 174
226; 39
223; 80
231; 7
227; 52
217; 190
224; 114
237; 3
229; 68
228; 74
233; 45
230; 78
236; 33
238; 68
239; 72
241; 69
232; 125
235; 95
234; 104
244; 53
246; 47
247; 56
240; 118
243; 89
248; 54
242; 103
250; 43
256; 7
249; 51
253; 22
260; 11
257; 29
245; 131
251; 58
252; 64
259; 59
254; 63
258; 62
255; 71
263; 47
261; 64
265; 27
262; 58
264; 41
268; 4
266; 26
267; 47
274; 11
270; 47
272; 37
275; 23
279; 40
278; 59
277; 59
269; 102
271; 98
273; 101
285; 47
289; 35
288; 56
280; 95
276; 133
293; 46
286; 89
282; 107
281; 111
295; 45
284; 115
292; 72
291; 73
294; 60
283; 130
296; 64
290; 86
287; 115
302; 2
297; 69
300; 57
299; 66
298; 79
304; 57
303; 79
309; 54
301; 100
305; 80
313; 47
307; 79
308; 88
311; 91
317; 49
318; 43
306; 118
310; 104
316; 72
322; 35
314; 83
319; 48
312; 113
321; 67
320; 68
325; 24
315; 119
324; 35
323; 52
326; 23
328; 10
336; 45
345; 6
331; 75
332; 129
346; 81
344; 102
333; 144
337; 146
354; 74
351; 96
347; 114
355; 92
329; 191
361; 75
350; 114
353; 106
327; 239
363; 87
352; 126
370; 73
349; 160
338; 228
335; 240
339; 258
378; 47
364; 163
359; 186
334; 282
366; 167
340; 279
343; 279
372; 163
386; 43
348; 274
367; 212
373; 166
342; 307
341; 317
383; 79
388; 33
360; 263
357; 275
330; 364
381; 128
371; 223
368; 252
356; 318
375; 206
365; 305
401; 43
362; 325
369; 298
376; 240
382; 182
397; 93
399; 99
379; 245
387; 203
395; 148
358; 420
393; 161
407; 107
390; 200
374; 340
377; 346
380; 326
402; 183
384; 306
385; 303
419; 120
398; 228
420; 127
408; 196
394; 261
406; 202
413; 172
404; 219
428; 70
392; 285
396; 265
426; 102
433; 55
414; 210
391; 351
400; 300
409; 258
405; 272
430; 111
436; 80
415; 223
410; 268
431; 124
446; 27
441; 62
423; 211
411; 292
427; 184
417; 260
435; 128
438; 93
403; 341
418; 269
412; 314
442; 84
425; 224
389; 438
432; 180
422; 262
429; 203
434; 184
445; 103
424; 273
440; 154
439; 177
459; 20
461; 23
421; 368
453; 89
454; 77
462; 22
451; 107
455; 88
452; 126
467; 2
447; 163
465; 27
457; 109
456; 119
437; 295
443; 241
463; 80
450; 192
444; 259
466; 76
471; 25
449; 217
458; 154
448; 232
474; 61
416; 526
475; 56
468; 105
460; 181
472; 87
464; 161
470; 110
473; 96
479; 38
480; 38
469; 135
476; 101
477; 84
481; 64
482; 61
478; 110
487; 32
485; 51
500; 15
489; 65
483; 128
493; 68
488; 86
484; 134
498; 73
503; 65
502; 67
496; 95
501; 74
506; 66
499; 87
494; 119
509; 42
504; 85
495; 127
510; 51
490; 158
486; 194
497; 150
505; 125
491; 180
507; 112
492; 185
519; 21
508; 119
512; 70
511; 94
522; 23
513; 87
514; 86
517; 79
518; 81
520; 60
530; 7
515; 113
516; 109
523; 73
524; 80
528; 63
529; 78
527; 82
534; 28
525; 95
521; 125
526; 96
533; 66
531; 72
532; 77
536; 5
535; 41
540; 5
539; 19
537; 54
538; 56
542; 37
541; 48
546; 22
548; 16
544; 50
551; 24
545; 51
547; 36
560; 15
561; 11
558; 30
550; 55
562; 13
555; 72
552; 78
557; 81
553; 83
543; 131
559; 79
549; 108
556; 107
564; 41
568; 36
565; 67
563; 80
569; 52
567; 71
570; 64
554; 167
573; 60
572; 73
582; 4
571; 88
576; 29
574; 72
580; 44
577; 56
585; 36
579; 63
584; 51
581; 68
588; 55
601; 17
566; 216
595; 66
596; 66
583; 126
610; 35
587; 142
600; 80
606; 57
599; 106
589; 146
602; 91
592; 130
617; 53
578; 214
603; 117
591; 164
575; 251
626; 62
635; 20
619; 95
611; 145
609; 158
627; 100
607; 183
613; 164
620; 149
624; 141
629; 126
590; 286
645; 17
630; 133
608; 221
633; 123
597; 285
618; 222
586; 355
634; 152
623; 212
632; 183
637; 155
614; 264
652; 45
631; 204
639; 146
641; 133
646; 98
648; 83
593; 386
649; 88
621; 277
604; 342
625; 264
663; 8
638; 208
653; 111
598; 415
647; 135
651; 127
628; 298
643; 192
636; 272
644; 198
640; 243
660; 101
655; 157
594; 460
605; 415
662; 95
658; 109
642; 253
657; 142
650; 188
654; 181
661; 119
669; 42
671; 46
612; 426
665; 97
616; 408
667; 87
674; 26
668; 89
678; 19
615; 440
622; 433
677; 53
666; 159
673; 76
656; 255
664; 170
683; 29
676; 73
681; 42
680; 61
682; 46
672; 130
670; 145
686; 34
687; 35
659; 244
685; 46
679; 111
688; 45
675; 128
693; 18
689; 60
691; 35
684; 90
694; 21
690; 62
692; 51
695; 20
705; 5
697; 74
699; 44
704; 29
698; 74
702; 55
710; 39
701; 85
717; 16
711; 66
709; 88
703; 119
723; 52
713; 85
696; 193
728; 39
716; 100
731; 42
727; 63
736; 8
737; 13
733; 42
706; 175
708; 177
715; 144
722; 122
707; 186
714; 159
729; 95
739; 42
700; 235
734; 56
730; 109
725; 131
712; 193
726; 128
721; 172
724; 157
719; 187
718; 191
742; 42
738; 99
735; 105
732; 135
743; 50
740; 123
744; 76
753; 29
720; 256
747; 64
754; 40
746; 85
757; 51
751; 122
768; 49
752; 146
766; 65
741; 227
749; 162
748; 166
762; 102
770; 59
745; 206
774; 18
759; 126
755; 171
761; 128
764; 107
769; 93
750; 201
772; 70
771; 71
775; 31
767; 106
760; 144
765; 126
779; 17
758; 175
776; 43
756; 204
763; 164
773; 110
778; 65
781; 32
785; 31
777; 76
784; 37
782; 49
783; 66
780; 106
786; 61
789; 23
787; 49
788; 43
791; 38
799; 6
803; 14
794; 44
796; 64
800; 73
802; 96
814; 58
798; 126
815; 62
809; 98
808; 106
806; 110
811; 89
801; 131
805; 132
817; 65
821; 62
792; 190
812; 113
820; 78
819; 87
807; 157
822; 85
797; 196
831; 12
790; 253
830; 24
793; 233
818; 129
810; 186
795; 246
813; 200
824; 137
828; 100
826; 152
804; 279
823; 179
832; 96
836; 81
838; 79
827; 133
844; 36
833; 110
825; 180
835; 104
841; 77
829; 126
834; 111
816; 241
840; 93
850; 1
843; 70
845; 29
837; 124
839; 113
848; 19
852; 14
846; 52
842; 119
849; 46
847; 66
851; 51
859; 2
854; 46
856; 37
860; 15
855; 49
853; 104
857; 60
858; 62
861; 63
864; 49
862; 65
863; 63
865; 35
868; 2
866; 36
876; 5
871; 41
874; 40
872; 64
873; 48
870; 76
867; 97
869; 104
878; 25
875; 79
877; 75
881; 21
879; 50
880; 50
883; 39
884; 32
886; 47
894; 10
888; 54
885; 63
891; 52
890; 63
882; 91
889; 70
887; 89
892; 62
896; 66
899; 47
895; 78
902; 23
904; 23
908; 2
897; 75
900; 50
903; 44
898; 80
893; 111
906; 32
901; 64
913; 14
909; 37
917; 29
918; 10
905; 99
907; 91
919; 20
920; 20
912; 77
915; 69
916; 67
914; 76
911; 87
910; 97
924; 6
921; 46
922; 52
928; 18
931; 17
935; 15
923; 99
936; 34
934; 38
937; 42
925; 96
926; 85
938; 47
929; 84
927; 93
939; 33
933; 73
930; 89
945; 16
942; 34
941; 41
947; 24
940; 58
944; 45
932; 127
943; 60
946; 58
948; 54
950; 57
949; 67
955; 18
954; 47
951; 76
960; 1
952; 94
953; 76
959; 27
956; 69
957; 60
961; 27
958; 58
962; 18
966; 2
965; 22
963; 40
968; 49
967; 60
969; 51
964; 83
970; 48
974; 17
975; 22
973; 52
977; 9
971; 63
976; 33
972; 74
979; 21
983; 1
978; 46
980; 53
982; 30
981; 34
989; 11
984; 39
988; 30
991; 21
990; 27
994; 5
985; 65
997; 25
987; 83
996; 41
992; 61
993; 54
986; 102
998; 56
995; 79
999; 63
1000; 90
1; 16
3; 21
2; 39
4; 41
5; 22
10; 5
7; 28
6; 57
9; 37
11; 25
13; 17
14; 17
17; 10
8; 72
12; 46
16; 32
19; 22
18; 45
15; 59
22; 45
25; 43
24; 50
21; 67
27; 19
26; 48
20; 77
23; 62
29; 16
35; 39
31; 68
38; 52
28; 109
30; 92
37; 71
32; 100
42; 45
41; 73
34; 102
40; 86
36; 111
39; 98
43; 13
33; 134
45; 41
50; 9
46; 38
48; 24
51; 14
44; 65
47; 53
56; 22
49; 66
53; 67
61; 7
52; 80
55; 64
62; 26
59; 54
57; 67
54; 85
65; 26
60; 59
63; 41
68; 13
58; 80
71; 4
66; 56
69; 33
70; 45
64; 86
67; 69
78; 43
74; 86
75; 90
73; 98
77; 96
72; 103
76; 101
80; 81
84; 72
83; 100
89; 63
92; 56
90; 72
98; 34
91; 90
97; 61
79; 164
81; 161
94; 104
82; 164
87; 150
96; 91
93; 122
101; 58
85; 164
100; 82
86; 173
103; 55
99; 94
88; 169
102; 87
104; 59
95; 171
110; 6
107; 40
106; 45
109; 44
112; 4
105; 69
108; 65
114; 13
111; 40
113; 55
118; 9
115; 32
123; 8
125; 16
117; 70
128; 2
120; 58
119; 73
116; 99
121; 78
126; 64
133; 30
127; 63
140; 16
137; 22
131; 36
143; 5
124; 101
138; 49
122; 118
135; 58
129; 79
132; 74
142; 61
136; 76
139; 85
153; 39
144; 110
154; 50
141; 131
151; 70
148; 84
147; 94
130; 171
160; 32
163; 19
166; 11
150; 105
134; 191
152; 107
145; 169
149; 159
169; 66
171; 45
167; 123
178; 65
164; 143
158; 190
157; 211
168; 163
173; 126
179; 113
155; 264
181; 84
180; 103
174; 132
162; 213
165; 206
177; 149
188; 76
146; 345
185; 92
159; 289
161; 266
190; 88
193; 69
194; 70
187; 160
196; 111
176; 267
205; 77
191; 149
184; 198
199; 92
183; 213
204; 85
156; 418
172; 293
206; 83
186; 203
198; 106
212; 32
182; 235
211; 62
189; 191
202; 118
209; 102
195; 172
218; 17
203; 153
170; 371
201; 172
197; 191
207; 160
217; 51
200; 189
215; 83
210; 158
175; 382
192; 257
208; 176
213; 135
223; 7
216; 99
221; 13
225; 11
220; 71
228; 45
222; 66
240; 2
219; 116
229; 65
227; 76
226; 82
214; 225
234; 55
236; 49
224; 123
230; 102
232; 98
244; 40
231; 111
248; 37
241; 87
237; 105
233; 134
243; 78
245; 74
238; 120
249; 58
239; 121
256; 49
246; 110
255; 64
257; 69
235; 179
247; 129
251; 104
254; 90
260; 53
253; 95
263; 32
250; 119
252; 107
267; 7
265; 41
242; 184
258; 99
262; 68
261; 102
259; 123
271; 32
266; 74
268; 61
270; 51
276; 22
272; 70
273; 57
275; 52
269; 88
274; 59
282; 22
281; 25
280; 48
264; 158
284; 41
288; 26
287; 35
277; 87
286; 43
279; 81
289; 28
278; 93
283; 79
295; 1
290; 42
285; 95
291; 60
293; 52
294; 49
300; 23
292; 70
296; 55
303; 37
299; 86
297; 88
309; 25
298; 91
312; 3
305; 52
304; 69
307; 40
311; 17
302; 83
313; 25
301; 95
306; 79
310; 69
315; 33
317; 30
308; 103
319; 23
316; 56
314; 61
320; 42
326; 4
318; 58
322; 38
327; 17
325; 38
333; 23
321; 88
331; 44
323; 87
335; 17
324; 91
336; 21
339; 1
332; 65
328; 84
337; 39
330; 87
329; 93
334; 78
345; 9
341; 38
342; 50
340; 64
349; 44
346; 56
347; 56
344; 83
348; 90
356; 64
343; 123
338; 145
350; 99
357; 63
358; 61
352; 109
351; 113
354; 100
355; 97
366; 20
363; 43
368; 18
353; 129
360; 88
359; 98
369; 35
372; 20
364; 94
365; 90
361; 130
362; 118
367; 106
371; 63
374; 32
370; 72
377; 36
373; 84
375; 47
379; 44
382; 19
384; 13
376; 80
378; 81
383; 37
386; 21
380; 79
390; 6
381; 70
385; 48
391; 15
388; 31
395; 10
392; 29
394; 14
389; 69
398; 35
387; 104
396; 47
397; 57
393; 82
399; 80
400; 85
402; 69
401; 81
403; 63
407; 16
409; 29
412; 21
411; 34
417; 12
413; 32
410; 40
416; 18
406; 77
415; 40
408; 82
414; 61
428; 5
405; 128
422; 40
419; 82
404; 166
432; 35
421; 97
431; 79
420; 126
436; 30
423; 133
418; 165
444; 26
437; 69
433; 98
438; 66
442; 50
440; 59
427; 146
429; 139
434; 97
424; 172
443; 58
430; 145
425; 162
426; 172
441; 80
446; 50
448; 28
447; 29
435; 130
439; 118
449; 29
445; 89
450; 30
454; 19
456; 37
459; 20
451; 76
455; 68
458; 64
452; 90
465; 34
457; 79
464; 57
453; 113
466; 48
462; 62
463; 65
470; 20
460; 93
467; 51
469; 44
461; 90
468; 70
471; 51
473; 61
475; 47
480; 34
472; 76
478; 48
474; 69
483; 7
476; 83
479; 74
477; 83
481; 75
489; 16
482; 71
490; 42
491; 40
484; 87
487; 80
488; 86
485; 110
507; 46
498; 69
496; 93
486; 142
495; 101
504; 71
505; 71
511; 59
510; 63
500; 105
514; 45
492; 135
503; 105
518; 28
515; 67
502; 145
493; 174
516; 76
521; 46
506; 138
522; 52
509; 139
499; 174
494; 192
524; 60
501; 192
508; 185
497; 215
523; 120
538; 48
532; 89
525; 126
539; 59
512; 224
519; 174
529; 117
520; 175
517; 187
526; 149
513; 227
545; 45
535; 121
541; 82
542; 75
528; 177
531; 152
543; 89
534; 146
544; 111
540; 142
527; 229
549; 81
548; 97
558; 50
536; 209
533; 251
546; 164
530; 279
554; 128
560; 103
551; 156
556; 140
569; 69
555; 145
575; 46
570; 77
568; 82
579; 47
564; 129
552; 210
577; 97
559; 184
553; 222
550; 230
572; 128
565; 163
547; 260
571; 161
587; 113
582; 142
566; 215
576; 178
563; 235
588; 133
578; 195
537; 431
601; 16
589; 151
590; 147
567; 257
580; 205
581; 211
585; 190
595; 122
573; 249
592; 143
561; 299
583; 211
574; 248
598; 96
557; 339
586; 209
599; 120
593; 184
562; 356
591; 216
584; 276
609; 32
600; 165
596; 212
594; 235
610; 67
615; 49
603; 133
616; 51
607; 104
604; 129
621; 20
617; 58
622; 22
611; 99
602; 185
605; 130
613; 108
597; 263
606; 143
623; 36
612; 127
620; 75
625; 25
614; 124
624; 31
608; 153
619; 98
618; 111
630; 26
632; 3
629; 43
633; 18
628; 63
631; 32
635; 15
626; 82
634; 38
627; 103
638; 42
639; 40
640; 68
641; 67
637; 90
642; 73
636; 117
645; 71
644; 73
649; 32
646; 110
651; 58
658; 20
650; 72
647; 119
655; 40
659; 29
661; 4
648; 106
643; 157
664; 7
656; 63
666; 22
652; 123
668; 35
653; 115
660; 60
665; 49
657; 114
669; 51
662; 78
672; 25
667; 76
677; 13
654; 139
670; 47
663; 93
675; 37
676; 38
674; 50
671; 79
681; 48
684; 22
683; 44
680; 55
682; 56
678; 76
673; 119
686; 21
685; 45
679; 104
687; 51
688; 56
694; 19
696; 11
692; 48
690; 74
691; 68
698; 19
689; 97
699; 34
697; 50
702; 30
695; 75
693; 100
704; 25
705; 25
706; 26
701; 62
703; 48
709; 35
707; 45
712; 33
714; 22
708; 63
711; 56
715; 30
700; 123
716; 37
717; 33
718; 33
710; 93
713; 85
719; 30
721; 27
720; 46
722; 47
724; 48
723; 57
725; 53
729; 10
728; 27
727; 42
730; 55
726; 103
731; 62
732; 48
736; 28
735; 54
742; 1
741; 11
737; 52
734; 65
733; 90
738; 68
744; 23
740; 67
739; 80
743; 57
760; 3
758; 5
745; 63
747; 51
753; 51
746; 115
762; 56
749; 107
765; 55
761; 82
755; 92
756; 95
751; 110
769; 2
748; 147
752; 126
754; 124
763; 98
759; 117
766; 93
750; 157
764; 106
770; 29
757; 132
772; 32
767; 60
768; 59
774; 28
778; 1
771; 56
775; 25
777; 19
773; 68
781; 22
782; 1
776; 55
787; 5
779; 70
780; 73
783; 40
789; 47
796; 12
786; 66
793; 17
792; 30
785; 87
791; 61
788; 86
784; 93
794; 43
797; 41
799; 8
800; 3
795; 65
798; 33
790; 110
801; 16
804; 33
805; 40
807; 41
806; 47
810; 4
809; 45
802; 74
803; 81
811; 22
813; 46
808; 108
814; 49
816; 59
815; 74
812; 96
820; 37
824; 7
817; 78
818; 78
822; 44
823; 18
825; 31
819; 101
826; 37
829; 29
821; 90
827; 69
828; 67
833; 24
834; 21
830; 75
831; 65
832; 63
838; 18
840; 22
839; 35
835; 63
842; 29
836; 57
850; 9
837; 129
851; 99
843; 121
852; 99
847; 112
841; 139
859; 72
849; 121
857; 98
848; 136
865; 51
845; 147
861; 95
846; 150
844; 158
855; 117
858; 110
867; 67
864; 86
860; 122
853; 158
872; 2
869; 23
856; 144
862; 113
854; 152
873; 6
870; 22
868; 70
874; 1
875; 1
863; 134
871; 35
866; 113
876; 32
880; 20
883; 5
884; 24
878; 58
885; 36
881; 69
879; 87
886; 57
882; 90
877; 107
889; 49
890; 59
888; 61
891; 64
893; 53
887; 95
892; 77
897; 32
896; 43
895; 59
894; 79
898; 72
900; 59
901; 53
906; 21
899; 87
910; 1
903; 59
904; 64
902; 90
905; 75
912; 42
907; 73
908; 77
914; 56
915; 52
909; 88
913; 73
911; 88
916; 53
917; 27
918; 42
920; 62
919; 68
921; 56
923; 49
924; 47
922; 64
928; 36
925; 51
931; 7
926; 71
929; 43
933; 27
938; 16
930; 67
932; 55
927; 103
934; 53
935; 56
937; 70
945; 15
936; 80
943; 43
944; 45
940; 87
947; 52
946; 61
942; 79
941; 90
948; 75
949; 70
954; 46
939; 140
953; 56
952; 64
958; 23
955; 83
950; 98
957; 66
956; 84
951; 108
959; 55
962; 25
961; 57
960; 75
971; 9
966; 27
964; 40
976; 21
969; 55
963; 91
979; 12
965; 90
977; 47
972; 127
975; 116
970; 145
986; 92
973; 154
978; 124
980; 114
993; 42
974; 155
985; 112
992; 59
988; 106
984; 132
982; 136
997; 57
981; 188
989; 171
990; 170
998; 98
994; 139
995; 148
968; 335
983; 262
999; 156
967; 382
996; 224
991; 300
987; 354
1000; 270
1; 10
3; 10
2; 50
4; 51
8; 21
9; 18
5; 54
10; 28
7; 58
15; 41
18; 19
16; 56
13; 66
22; 9
11; 76
12; 73
6; 127
14; 72
17; 78
26; 29
24; 42
19; 89
21; 89
20; 92
29; 38
33; 13
23; 60
28; 52
32; 19
25; 71
34; 13
37; 3
27; 77
30; 61
31; 49
38; 17
35; 53
39; 27
42; 3
36; 62
40; 64
48; 22
43; 79
46; 47
41; 100
51; 41
50; 49
49; 54
44; 102
45; 94
54; 18
52; 54
57; 13
55; 34
47; 96
61; 3
58; 27
60; 17
64; 10
59; 38
56; 72
53; 114
66; 24
62; 56
68; 9
70; 5
65; 56
69; 16
63; 71
72; 14
77; 3
74; 19
75; 16
71; 53
73; 63
67; 109
76; 69
79; 68
91; 24
80; 78
83; 69
82; 74
85; 68
81; 89
96; 6
84; 74
88; 70
93; 34
94; 27
78; 115
89; 79
86; 97
90; 79
87; 112
95; 72
92; 107
99; 26
97; 55
100; 41
98; 64
108; 28
105; 46
106; 60
107; 70
101; 129
104; 120
120; 54
118; 82
115; 88
112; 102
114; 93
103; 141
113; 107
122; 61
111; 124
123; 68
109; 139
110; 163
134; 8
126; 81
119; 148
130; 55
124; 109
121; 144
102; 242
136; 27
116; 184
127; 110
132; 68
128; 108
135; 41
137; 42
125; 140
145; 9
117; 219
143; 32
129; 132
139; 67
138; 82
142; 57
144; 50
133; 115
147; 21
141; 68
131; 146
153; 5
140; 94
152; 26
154; 21
148; 57
150; 61
151; 58
155; 31
146; 120
158; 9
149; 98
157; 33
156; 90
160; 52
159; 55
169; 40
161; 54
164; 47
165; 53
170; 34
166; 87
171; 37
176; 19
162; 121
172; 60
163; 126
167; 133
187; 3
177; 71
175; 88
174; 91
184; 40
183; 51
191; 3
185; 56
181; 74
173; 136
194; 56
186; 103
179; 134
188; 97
198; 32
189; 103
190; 116
180; 166
193; 106
168; 275
207; 10
201; 56
195; 111
178; 203
203; 58
182; 200
202; 73
192; 148
211; 29
209; 37
196; 121
212; 14
197; 119
208; 47
199; 116
200; 115
204; 93
205; 84
210; 68
219; 8
216; 46
213; 83
206; 135
215; 73
221; 62
227; 45
225; 54
223; 72
224; 68
218; 99
222; 96
234; 26
233; 40
229; 78
214; 150
239; 31
230; 74
235; 53
226; 109
244; 38
217; 179
241; 54
247; 34
243; 51
228; 150
236; 112
238; 116
232; 127
249; 76
245; 87
253; 44
220; 223
242; 142
255; 87
250; 161
252; 142
260; 83
231; 258
257; 136
246; 216
265; 80
237; 276
275; 43
271; 62
263; 114
269; 95
240; 296
264; 135
259; 172
286; 41
266; 132
268; 123
277; 105
273; 117
258; 200
248; 295
251; 293
267; 164
261; 210
256; 242
285; 93
279; 114
283; 101
274; 145
281; 122
293; 79
278; 153
292; 89
276; 163
272; 175
284; 131
287; 124
288; 121
280; 157
282; 151
270; 200
295; 87
289; 138
262; 260
254; 317
299; 56
294; 110
298; 67
290; 150
296; 78
291; 156
305; 4
306; 33
300; 60
304; 45
302; 60
301; 65
297; 141
309; 40
311; 46
312; 46
310; 71
315; 39
316; 40
317; 36
303; 107
326; 27
313; 67
308; 107
323; 39
325; 35
314; 65
318; 69
320; 71
319; 85
330; 37
322; 93
324; 98
327; 79
328; 77
307; 193
333; 13
331; 59
335; 12
321; 142
329; 100
338; 25
337; 68
340; 60
336; 82
348; 48
341; 78
344; 74
334; 111
352; 40
353; 40
346; 86
345; 89
342; 94
332; 149
349; 81
357; 14
339; 119
350; 87
359; 10
343; 103
351; 80
358; 29
354; 74
347; 118
361; 31
356; 72
355; 87
362; 40
363; 28
360; 74
366; 34
365; 37
364; 45
370; 7
367; 51
372; 1
374; 3
368; 77
371; 48
375; 16
373; 43
369; 82
376; 38
381; 8
380; 15
378; 19
377; 54
383; 18
389; 20
385; 46
379; 74
391; 20
386; 56
384; 61
382; 84
388; 59
387; 65
394; 54
390; 78
392; 68
393; 76
397; 69
400; 55
405; 8
398; 64
401; 52
404; 34
403; 66
402; 67
395; 112
407; 34
406; 46
399; 126
396; 145
409; 58
408; 86
414; 57
411; 75
412; 79
410; 87
418; 3
416; 14
413; 87
415; 52
421; 33
422; 28
425; 10
420; 57
423; 38
417; 76
424; 54
419; 102
429; 46
430; 44
435; 15
432; 62
439; 27
426; 102
434; 34
428; 86
441; 23
433; 47
427; 111
442; 35
443; 32
437; 59
445; 30
431; 101
438; 64
447; 1
436; 86
444; 75
446; 47
450; 9
440; 99
448; 35
451; 26
449; 49
453; 46
455; 52
457; 32
452; 74
454; 63
458; 40
459; 25
460; 37
461; 39
462; 47
456; 104
468; 12
464; 32
463; 56
470; 12
466; 46
469; 18
478; 10
479; 5
473; 46
480; 19
471; 64
477; 45
467; 103
465; 122
474; 77
484; 33
475; 91
472; 140
476; 147
482; 104
488; 82
483; 115
485; 101
492; 62
486; 110
481; 138
489; 76
502; 6
495; 60
487; 140
494; 89
497; 55
493; 106
503; 9
490; 116
491; 122
501; 45
496; 93
498; 91
504; 56
508; 27
500; 84
506; 69
509; 42
510; 34
511; 22
513; 11
499; 106
507; 78
512; 29
505; 92
514; 47
523; 24
516; 72
519; 52
517; 61
515; 85
520; 63
526; 41
522; 71
531; 20
518; 113
521; 92
528; 57
527; 71
524; 99
534; 40
538; 8
537; 18
525; 118
536; 39
535; 52
533; 76
529; 107
532; 89
540; 18
542; 26
546; 12
552; 9
530; 156
539; 80
541; 82
550; 53
555; 47
544; 100
554; 60
547; 105
548; 112
551; 108
549; 123
557; 86
556; 101
566; 57
561; 90
560; 102
565; 79
570; 77
577; 57
559; 142
562; 132
569; 108
543; 221
545; 223
568; 125
572; 124
585; 15
564; 151
553; 209
567; 151
563; 185
587; 33
588; 51
584; 88
573; 200
594; 55
576; 206
575; 213
597; 69
591; 99
579; 195
599; 63
583; 176
571; 271
580; 220
574; 277
578; 254
590; 169
600; 124
582; 227
581; 233
602; 127
604; 113
601; 131
558; 383
603; 130
589; 202
592; 186
612; 39
586; 221
596; 176
614; 29
616; 27
595; 184
605; 143
593; 214
607; 139
610; 106
617; 81
625; 41
620; 94
611; 144
622; 87
623; 86
632; 25
628; 60
621; 105
609; 195
606; 236
624; 104
598; 289
626; 91
619; 147
638; 13
608; 242
635; 57
636; 45
613; 193
627; 116
639; 24
615; 192
629; 103
637; 47
642; 14
618; 195
630; 113
634; 84
631; 115
640; 43
633; 95
641; 41
644; 31
643; 43
646; 21
651; 2
645; 46
652; 39
654; 31
657; 14
659; 38
648; 104
660; 55
650; 112
653; 95
649; 113
647; 131
655; 108
664; 74
661; 86
674; 11
656; 134
665; 101
667; 64
663; 130
670; 57
669; 67
662; 142
679; 2
658; 166
666; 91
676; 58
673; 76
668; 106
682; 14
684; 1
675; 89
672; 99
671; 118
678; 57
677; 71
680; 64
686; 26
681; 79
690; 34
683; 96
687; 63
697; 37
695; 39
691; 96
685; 114
698; 65
701; 57
702; 63
693; 119
696; 101
694; 117
692; 130
703; 86
704; 86
707; 48
705; 78
688; 160
700; 149
711; 55
699; 161
706; 119
717; 51
712; 66
718; 72
713; 105
720; 99
689; 294
722; 134
743; 19
723; 145
726; 141
732; 116
727; 158
737; 99
756; 9
709; 238
731; 165
724; 211
721; 228
746; 89
754; 72
730; 198
757; 78
759; 77
742; 162
728; 259
716; 306
752; 139
741; 190
761; 104
710; 358
762; 115
765; 109
755; 161
715; 354
750; 198
729; 307
778; 23
749; 200
766; 128
751; 210
714; 385
725; 357
770; 108
747; 237
740; 293
719; 414
735; 394
773; 192
745; 346
802; 35
734; 424
733; 428
767; 266
736; 433
763; 292
789; 125
792; 133
801; 115
779; 242
780; 236
748; 432
771; 318
818; 55
809; 119
769; 361
744; 470
739; 510
783; 237
772; 343
785; 238
815; 111
760; 428
812; 131
799; 198
753; 476
774; 356
825; 41
836; 8
804; 220
808; 201
795; 258
830; 59
819; 142
843; 3
793; 285
806; 239
776; 391
790; 304
827; 98
738; 625
784; 349
817; 206
828; 105
814; 216
768; 497
791; 317
810; 243
813; 227
708; 781
794; 317
811; 242
816; 228
823; 155
798; 311
758; 560
840; 99
775; 484
822; 187
837; 146
796; 380
838; 135
807; 339
852; 84
821; 264
805; 389
777; 538
833; 209
832; 227
824; 261
788; 467
782; 528
849; 164
841; 249
845; 207
803; 493
829; 320
861; 121
866; 96
864; 109
786; 608
820; 425
856; 204
863; 149
872; 73
854; 254
834; 365
853; 266
781; 667
797; 608
839; 364
857; 233
875; 75
842; 364
835; 397
868; 171
850; 301
831; 427
881; 34
848; 321
878; 75
879; 75
847; 341
859; 265
860; 269
888; 30
844; 375
862; 264
869; 207
865; 259
764; 907
867; 242
885; 69
883; 86
890; 63
876; 141
873; 182
787; 756
800; 718
880; 136
858; 337
884; 122
887; 123
896; 74
891; 108
906; 18
870; 292
893; 105
903; 40
895; 109
889; 161
908; 23
826; 618
882; 200
855; 470
874; 273
851; 489
871; 301
886; 202
919; 5
892; 166
897; 132
894; 149
918; 19
846; 536
904; 100
877; 319
916; 92
923; 68
914; 100
899; 206
909; 146
927; 68
929; 56
920; 102
900; 227
913; 151
911; 172
912; 164
910; 174
921; 132
937; 17
915; 166
932; 75
905; 231
917; 180
902; 274
922; 166
924; 166
907; 241
928; 157
930; 124
901; 307
931; 117
935; 94
944; 25
934; 130
926; 200
936; 112
933; 145
938; 100
941; 67
898; 363
925; 234
939; 122
945; 60
943; 89
950; 48
940; 126
942; 108
946; 79
948; 63
947; 79
951; 65
949; 90
956; 63
954; 72
963; 30
958; 68
961; 54
953; 108
957; 83
952; 124
960; 90
955; 132
970; 36
962; 83
967; 62
959; 140
983; 10
971; 96
965; 126
974; 101
968; 164
973; 146
991; 56
992; 56
964; 189
990; 82
994; 38
972; 170
975; 148
988; 93
995; 43
979; 121
996; 37
989; 103
966; 219
987; 121
978; 148
1000; 24
984; 140
981; 148
969; 239
999; 53
977; 184
985; 163
998; 94
980; 210
976; 230
986; 204
993; 181
982; 233
997; 154
4; 58
6; 43
3; 65
1; 94
5; 46
8; 50
9; 25
2; 111
22; 15
7; 105
11; 53
12; 57
10; 79
15; 53
16; 56
23; 35
21; 51
31; 9
29; 22
19; 71
32; 19
13; 107
17; 90
26; 54
28; 46
25; 63
24; 75
20; 92
14; 121
18; 109
34; 33
27; 102
33; 66
36; 50
38; 30
30; 108
41; 28
48; 4
40; 34
49; 2
43; 41
42; 50
46; 36
39; 72
51; 30
44; 71
37; 91
56; 23
35; 128
52; 53
53; 53
55; 37
50; 72
54; 56
45; 96
47; 98
60; 29
58; 48
57; 72
59; 75
69; 3
67; 44
64; 55
61; 78
65; 58
63; 70
62; 79
66; 70
71; 13
70; 30
68; 71
74; 4
72; 15
73; 65
79; 44
75; 59
87; 7
77; 72
81; 63
82; 64
84; 56
91; 67
92; 92
76; 159
83; 134
80; 151
86; 113
89; 107
90; 109
78; 165
88; 121
94; 76
85; 139
95; 73
101; 15
93; 122
96; 88
98; 55
97; 83
102; 1
100; 45
99; 52
106; 12
103; 48
104; 53
105; 52
107; 31
109; 44
110; 46
113; 33
108; 61
115; 25
114; 59
122; 15
112; 75
117; 66
111; 129
123; 71
127; 41
116; 101
121; 84
128; 44
118; 92
126; 59
132; 15
129; 62
120; 105
131; 36
119; 113
124; 103
130; 49
125; 101
135; 17
134; 35
139; 22
133; 38
138; 29
136; 45
137; 55
143; 9
140; 65
145; 9
142; 38
144; 46
141; 64
147; 20
149; 26
146; 57
153; 5
148; 65
150; 61
154; 59
160; 80
151; 129
155; 105
169; 58
152; 137
168; 64
172; 44
156; 127
165; 76
177; 29
158; 131
174; 52
164; 101
163; 106
161; 158
171; 109
170; 112
166; 133
173; 97
180; 66
157; 186
188; 26
184; 50
179; 85
167; 156
183; 71
176; 112
182; 82
159; 215
162; 184
194; 6
190; 41
189; 66
175; 138
178; 136
193; 43
185; 85
181; 124
191; 57
186; 93
195; 38
196; 30
198; 33
187; 109
199; 22
197; 52
201; 8
192; 118
203; 36
200; 65
202; 72
209; 3
204; 59
206; 41
211; 6
205; 54
208; 32
207; 59
213; 21
210; 55
214; 30
220; 10
215; 40
212; 64
221; 10
216; 54
222; 44
218; 80
217; 82
226; 38
227; 53
229; 50
219; 112
223; 79
225; 94
232; 57
228; 101
230; 90
236; 33
237; 22
234; 70
224; 119
233; 83
235; 72
231; 113
238; 71
244; 28
246; 19
241; 50
239; 68
248; 23
252; 26
243; 66
253; 27
254; 40
247; 76
245; 82
242; 107
256; 30
240; 124
257; 30
250; 86
259; 30
249; 97
251; 98
258; 76
255; 120
262; 36
260; 83
261; 71
267; 27
272; 5
263; 49
269; 44
273; 31
270; 61
268; 69
266; 79
264; 89
275; 31
271; 77
276; 51
265; 135
274; 93
278; 42
283; 3
277; 68
279; 50
280; 62
281; 54
286; 30
284; 48
289; 25
287; 40
285; 69
282; 95
292; 47
288; 66
291; 62
293; 57
290; 72
297; 29
294; 75
298; 54
301; 22
296; 89
295; 98
299; 59
300; 41
303; 10
302; 54
307; 1
310; 7
308; 55
313; 56
306; 93
305; 100
314; 53
312; 69
304; 115
309; 95
316; 70
321; 23
315; 80
319; 58
318; 96
323; 50
317; 97
322; 51
320; 80
311; 132
324; 61
329; 34
325; 59
327; 57
326; 75
328; 64
335; 4
334; 59
336; 53
332; 68
344; 6
339; 44
338; 62
333; 80
343; 34
330; 112
341; 43
337; 98
331; 123
345; 50
340; 75
347; 64
346; 76
350; 34
353; 32
349; 77
348; 78
342; 130
362; 21
357; 79
352; 105
356; 84
359; 58
355; 88
367; 25
351; 122
365; 56
363; 74
358; 97
360; 100
361; 106
354; 143
364; 95
369; 39
366; 90
368; 82
372; 33
376; 9
370; 53
371; 49
373; 48
374; 50
383; 2
375; 72
389; 4
382; 48
388; 23
380; 68
386; 44
395; 5
393; 16
387; 46
377; 105
390; 47
401; 7
391; 47
398; 31
394; 47
378; 125
402; 22
392; 63
384; 118
379; 135
399; 42
381; 123
385; 113
400; 50
397; 71
403; 48
396; 86
407; 1
405; 35
404; 59
409; 15
406; 59
410; 32
408; 37
413; 29
411; 59
414; 39
419; 16
418; 37
415; 57
416; 51
417; 44
412; 102
425; 6
421; 55
426; 16
420; 70
422; 65
423; 50
429; 13
431; 5
424; 76
430; 26
436; 3
432; 45
427; 78
428; 76
433; 43
437; 25
434; 50
435; 46
439; 32
438; 33
442; 25
443; 78
441; 93
440; 98
445; 69
447; 62
450; 55
444; 90
449; 74
454; 77
446; 122
458; 45
452; 107
451; 114
465; 16
463; 36
471; 17
475; 24
462; 64
453; 179
456; 141
457; 135
460; 134
480; 29
448; 220
485; 14
473; 82
474; 76
478; 67
470; 96
481; 47
472; 97
459; 175
469; 110
476; 86
464; 126
479; 107
455; 230
461; 156
491; 8
467; 147
486; 66
466; 178
495; 22
468; 186
488; 101
489; 85
492; 86
498; 35
484; 149
490; 95
500; 54
487; 143
506; 30
477; 226
482; 199
499; 63
510; 20
503; 51
493; 133
501; 77
502; 81
483; 220
504; 81
514; 22
511; 56
496; 156
516; 34
508; 96
509; 101
497; 165
521; 44
512; 107
515; 70
494; 197
505; 139
527; 4
507; 142
517; 81
522; 64
520; 82
519; 95
525; 63
523; 78
518; 114
513; 136
530; 45
533; 45
528; 73
532; 59
524; 114
534; 67
537; 33
531; 86
526; 112
541; 25
539; 33
529; 102
544; 1
538; 51
540; 40
536; 66
543; 17
545; 31
542; 61
535; 100
546; 31
548; 17
547; 40
551; 25
549; 45
552; 45
554; 52
555; 44
550; 70
553; 71
559; 30
562; 16
563; 30
556; 73
565; 17
557; 82
564; 50
558; 82
560; 73
561; 75
566; 60
567; 39
571; 24
570; 41
569; 58
576; 24
568; 69
574; 42
577; 35
573; 60
572; 61
575; 50
579; 42
584; 25
589; 3
578; 57
585; 36
587; 28
581; 52
580; 67
586; 59
583; 80
594; 11
582; 91
590; 34
588; 83
591; 35
596; 31
593; 52
592; 58
600; 4
598; 28
601; 14
595; 76
597; 56
599; 41
606; 7
602; 45
609; 4
603; 49
613; 12
604; 62
612; 27
605; 69
607; 60
610; 55
615; 32
616; 24
614; 46
608; 80
611; 74
618; 48
621; 9
617; 88
619; 75
620; 58
629; 11
633; 22
631; 43
624; 81
623; 109
632; 48
626; 89
628; 86
627; 91
630; 82
638; 23
625; 105
622; 160
635; 78
637; 58
639; 49
640; 24
636; 67
642; 20
634; 107
645; 43
641; 69
648; 13
643; 64
647; 49
650; 12
646; 72
644; 89
654; 8
652; 25
651; 36
649; 55
655; 19
653; 45
659; 58
656; 103
669; 28
661; 52
657; 80
660; 72
664; 41
674; 10
670; 62
662; 90
658; 134
679; 42
668; 112
678; 66
677; 88
665; 143
689; 58
682; 94
676; 129
666; 181
681; 117
671; 163
675; 137
672; 149
690; 77
673; 156
667; 206
697; 17
691; 102
698; 20
686; 139
683; 154
701; 18
685; 150
688; 140
694; 73
687; 154
663; 269
684; 186
693; 118
692; 145
680; 230
714; 15
710; 29
702; 79
705; 67
695; 138
715; 54
699; 129
708; 76
707; 86
709; 96
726; 13
716; 86
719; 68
720; 70
700; 163
711; 100
696; 187
713; 102
718; 101
712; 109
725; 38
704; 150
723; 74
722; 87
706; 148
703; 168
717; 134
721; 111
727; 74
732; 23
731; 55
729; 90
734; 30
724; 148
733; 63
735; 33
730; 85
737; 43
739; 37
728; 151
738; 68
740; 48
747; 4
736; 91
742; 17
741; 35
745; 20
744; 23
743; 29
751; 9
748; 20
746; 57
749; 39
754; 33
757; 21
752; 61
761; 24
750; 67
753; 98
758; 73
759; 73
768; 46
766; 53
772; 48
756; 129
770; 78
775; 59
769; 100
763; 125
776; 63
785; 40
788; 39
791; 48
771; 140
789; 62
787; 74
792; 65
779; 124
798; 15
767; 196
773; 164
778; 146
764; 216
794; 71
782; 141
784; 135
790; 104
781; 144
780; 154
760; 248
777; 167
783; 154
762; 244
803; 5
786; 132
755; 277
774; 191
796; 85
797; 73
800; 44
805; 10
765; 260
793; 137
802; 64
804; 46
795; 158
808; 53
806; 69
810; 63
813; 59
801; 148
812; 71
807; 112
814; 81
817; 52
799; 197
824; 59
818; 92
822; 83
809; 158
823; 80
821; 86
819; 103
825; 91
816; 126
827; 81
828; 81
829; 93
815; 169
841; 17
820; 157
830; 105
826; 130
834; 58
842; 28
832; 102
839; 71
837; 78
831; 140
845; 28
811; 266
836; 93
843; 51
844; 56
835; 135
840; 123
838; 133
846; 63
847; 58
852; 27
855; 1
833; 177
851; 45
854; 41
850; 70
849; 71
848; 82
858; 27
859; 23
856; 43
853; 77
860; 44
863; 7
857; 77
861; 50
862; 54
864; 44
865; 42
867; 48
866; 81
870; 47
869; 76
873; 74
879; 24
885; 8
877; 58
876; 74
871; 113
878; 70
868; 133
882; 54
883; 40
875; 117
881; 84
891; 9
884; 61
889; 22
874; 149
892; 8
872; 161
888; 34
887; 41
886; 65
880; 118
890; 49
894; 36
898; 16
893; 96
895; 75
896; 68
899; 38
904; 4
901; 24
900; 42
897; 108
908; 46
909; 44
912; 32
902; 69
903; 71
905; 74
915; 21
907; 74
913; 52
906; 88
916; 30
923; 20
924; 14
910; 108
918; 51
917; 60
922; 44
921; 59
911; 116
914; 101
919; 78
920; 78
926; 43
930; 21
929; 38
928; 45
931; 35
925; 113
927; 76
934; 19
932; 69
937; 29
935; 60
941; 43
936; 98
945; 66
940; 90
939; 119
938; 121
959; 25
933; 186
947; 104
954; 60
944; 123
949; 92
951; 82
943; 126
962; 52
946; 128
955; 68
964; 7
942; 153
952; 104
950; 113
963; 67
948; 135
965; 1
960; 85
961; 87
953; 143
956; 139
970; 35
969; 36
957; 147
967; 61
958; 166
973; 57
968; 81
972; 100
966; 123
980; 64
985; 44
986; 47
979; 111
984; 87
975; 159
990; 83
978; 143
987; 98
974; 193
977; 204
989; 128
999; 68
997; 88
983; 171
971; 250
988; 156
996; 105
993; 123
994; 115
992; 159
982; 202
995; 135
991; 186
976; 278
1000; 119
981; 251
998; 196
1; 28
3; 29
8; 20
11; 53
9; 70
5; 80
4; 83
15; 39
12; 59
2; 101
14; 55
16; 23
17; 24
6; 104
7; 111
10; 115
23; 16
13; 119
18; 88
25; 27
19; 76
24; 43
27; 25
30; 6
22; 68
26; 53
20; 102
28; 66
21; 104
32; 36
29; 92
35; 13
31; 64
33; 68
34; 62
43; 17
37; 57
40; 36
36; 66
45; 10
38; 62
39; 71
44; 42
42; 64
41; 72
47; 23
46; 44
50; 24
49; 37
52; 14
48; 53
54; 28
55; 35
53; 39
51; 110
64; 35
56; 100
61; 77
58; 104
60; 102
62; 88
57; 117
63; 85
66; 49
65; 75
59; 125
71; 19
69; 57
67; 87
68; 82
72; 25
70; 65
84; 31
78; 63
87; 7
73; 106
82; 63
76; 96
75; 98
83; 67
74; 116
77; 118
85; 87
81; 95
79; 99
88; 20
80; 102
86; 68
90; 48
89; 55
94; 32
92; 45
98; 15
96; 30
91; 81
99; 24
93; 76
95; 73
97; 52
100; 20
102; 1
105; 27
106; 24
103; 47
109; 15
108; 24
101; 67
115; 59
114; 60
113; 64
104; 123
107; 105
125; 3
112; 83
118; 46
120; 44
117; 67
110; 103
111; 99
127; 5
116; 100
121; 38
124; 38
119; 77
122; 48
123; 51
126; 47
133; 2
128; 46
134; 14
132; 21
129; 54
131; 79
137; 33
130; 89
138; 53
136; 58
135; 64
139; 59
140; 54
142; 34
141; 49
143; 42
147; 18
144; 52
153; 4
148; 31
150; 24
152; 27
154; 18
146; 72
155; 27
145; 78
149; 83
156; 59
157; 35
151; 91
160; 43
159; 60
165; 32
158; 78
161; 65
162; 71
166; 48
164; 60
163; 82
168; 51
171; 20
169; 56
172; 32
167; 101
179; 5
170; 81
176; 29
177; 23
173; 56
181; 8
185; 15
174; 76
175; 97
180; 73
188; 61
182; 75
183; 88
193; 52
191; 66
184; 94
195; 66
199; 37
194; 77
187; 154
190; 141
192; 138
189; 171
201; 77
178; 205
202; 82
198; 128
196; 155
213; 48
214; 64
186; 237
211; 83
210; 84
197; 165
205; 113
203; 133
212; 92
204; 130
200; 156
207; 116
217; 10
209; 112
206; 161
216; 68
215; 105
224; 4
208; 157
218; 55
220; 44
221; 49
222; 47
219; 85
226; 24
225; 46
223; 62
227; 28
229; 59
228; 78
230; 61
231; 43
237; 15
233; 44
236; 29
234; 40
238; 24
232; 72
241; 16
239; 43
242; 26
246; 17
247; 40
240; 76
250; 46
257; 42
253; 55
235; 134
256; 71
255; 74
248; 104
251; 102
245; 125
243; 143
261; 68
263; 32
254; 111
249; 121
244; 151
265; 42
267; 33
252; 141
262; 90
268; 42
258; 143
270; 28
259; 142
266; 75
264; 88
260; 129
275; 59
282; 33
271; 133
277; 75
281; 55
280; 63
278; 79
276; 98
272; 153
269; 181
287; 22
283; 64
273; 135
274; 130
290; 9
279; 108
284; 54
291; 9
286; 51
288; 44
285; 64
289; 57
293; 25
292; 65
296; 32
299; 23
295; 50
301; 9
294; 59
300; 49
297; 62
302; 34
304; 27
298; 95
305; 41
307; 35
308; 34
303; 64
306; 53
309; 28
312; 13
315; 15
310; 48
311; 56
316; 36
314; 54
317; 34
319; 23
313; 77
321; 29
318; 93
326; 55
325; 59
324; 64
334; 18
330; 54
320; 105
322; 105
329; 81
333; 48
323; 107
335; 51
331; 70
327; 112
328; 111
341; 9
332; 82
347; 13
336; 80
337; 88
344; 42
338; 97
342; 57
339; 63
340; 62
348; 58
346; 68
345; 75
351; 19
350; 69
343; 94
355; 14
352; 33
349; 90
354; 38
356; 40
363; 4
353; 75
357; 56
362; 36
366; 20
359; 46
358; 57
360; 57
364; 58
361; 77
377; 2
368; 40
367; 78
370; 42
365; 91
371; 59
369; 71
375; 53
372; 67
378; 66
374; 93
373; 99
380; 79
376; 98
381; 57
382; 50
383; 59
384; 27
379; 112
385; 49
386; 65
387; 87
389; 42
388; 68
391; 48
390; 50
394; 17
395; 34
392; 86
396; 48
399; 37
402; 20
406; 9
398; 62
393; 110
408; 16
404; 29
409; 35
403; 53
405; 54
400; 95
397; 121
411; 72
412; 72
407; 83
401; 112
414; 66
416; 66
419; 45
415; 66
413; 104
417; 60
410; 112
418; 61
423; 18
424; 20
421; 28
422; 32
427; 19
429; 11
420; 98
425; 63
428; 37
426; 67
430; 45
435; 2
434; 25
432; 29
439; 18
433; 42
437; 45
441; 43
440; 58
445; 27
431; 87
438; 63
442; 48
436; 88
450; 8
443; 58
446; 47
447; 46
449; 39
444; 85
455; 5
448; 63
454; 34
452; 51
453; 40
451; 65
460; 24
459; 40
457; 47
456; 56
463; 26
458; 61
462; 32
465; 38
461; 75
468; 15
467; 30
474; 2
476; 1
473; 11
471; 23
466; 71
472; 41
477; 20
464; 124
480; 19
478; 32
481; 21
483; 58
490; 35
475; 103
489; 39
482; 78
486; 60
484; 78
469; 131
470; 132
487; 57
479; 96
491; 53
485; 85
488; 63
494; 24
492; 62
495; 40
493; 81
496; 67
498; 34
499; 37
497; 73
501; 21
500; 43
502; 10
504; 21
503; 64
505; 30
508; 33
506; 69
512; 37
509; 62
510; 62
507; 73
516; 64
511; 86
514; 78
515; 84
513; 90
519; 37
518; 57
525; 22
520; 56
522; 60
527; 33
530; 25
517; 126
532; 10
523; 56
524; 63
521; 103
531; 47
529; 107
533; 70
528; 123
535; 68
542; 6
540; 37
536; 83
543; 13
538; 76
526; 169
541; 51
539; 98
537; 110
534; 131
547; 2
544; 36
545; 32
546; 45
548; 42
554; 24
557; 3
549; 71
552; 63
555; 25
551; 70
550; 83
553; 71
556; 40
558; 64
561; 29
560; 33
559; 47
562; 29
565; 1
567; 1
569; 16
564; 69
563; 90
568; 44
566; 65
575; 29
571; 51
572; 46
576; 25
570; 78
578; 37
573; 101
580; 60
579; 63
581; 38
585; 1
574; 109
583; 32
584; 35
582; 51
577; 103
587; 13
588; 11
586; 33
590; 19
589; 61
591; 36
593; 29
596; 19
601; 38
600; 46
595; 60
602; 40
594; 69
597; 66
599; 67
611; 3
612; 3
592; 98
606; 48
608; 47
604; 74
607; 60
609; 58
605; 74
603; 96
616; 15
598; 121
610; 79
614; 64
613; 80
619; 29
621; 11
617; 77
618; 67
623; 12
615; 116
627; 17
629; 21
625; 40
622; 78
620; 100
635; 21
628; 61
632; 60
624; 116
633; 58
626; 105
638; 41
637; 45
630; 94
631; 97
640; 38
643; 16
639; 71
642; 21
641; 64
634; 112
636; 114
644; 38
645; 67
648; 34
647; 88
646; 91
650; 37
651; 60
649; 91
653; 76
652; 89
655; 70
657; 22
654; 84
658; 22
659; 22
660; 36
663; 62
671; 19
656; 149
666; 58
665; 72
667; 63
674; 27
661; 115
669; 73
662; 122
668; 81
670; 80
676; 24
664; 119
673; 56
672; 64
680; 16
678; 34
681; 28
679; 32
677; 67
685; 34
684; 38
675; 99
682; 67
690; 19
688; 31
686; 61
687; 45
694; 5
693; 23
683; 97
691; 41
696; 15
695; 31
689; 76
697; 34
698; 26
701; 17
692; 78
703; 22
700; 50
699; 61
706; 41
704; 73
702; 86
707; 52
711; 25
705; 73
709; 76
712; 65
713; 52
710; 76
715; 51
708; 99
716; 37
714; 93
718; 48
722; 1
719; 66
720; 58
717; 87
723; 59
732; 25
735; 20
730; 47
728; 82
726; 91
721; 118
736; 35
729; 86
724; 120
740; 44
739; 44
725; 141
737; 62
742; 30
738; 68
734; 93
745; 36
731; 126
743; 59
727; 177
741; 97
748; 39
733; 141
744; 78
747; 54
746; 70
751; 55
750; 56
752; 20
753; 30
755; 23
749; 98
756; 59
754; 79
763; 20
758; 98
761; 82
757; 119
762; 73
765; 67
764; 75
759; 121
760; 119
767; 55
775; 32
766; 98
769; 79
771; 82
768; 107
774; 74
773; 84
781; 16
777; 81
780; 21
772; 107
779; 48
776; 95
770; 136
783; 26
785; 11
778; 85
782; 45
784; 41
787; 32
789; 31
788; 61
786; 67
793; 31
797; 1
791; 64
790; 79
792; 100
796; 82
807; 15
804; 48
798; 78
803; 49
799; 82
794; 110
806; 55
802; 82
801; 95
795; 125
814; 43
808; 66
811; 54
800; 139
812; 65
809; 77
805; 128
810; 88
813; 77
816; 68
817; 46
819; 25
818; 46
815; 89
822; 1
820; 46
824; 12
826; 20
825; 28
823; 48
821; 72
828; 19
827; 50
832; 12
830; 33
829; 47
834; 13
836; 4
831; 56
833; 61
840; 2
839; 27
838; 34
842; 24
841; 26
846; 2
835; 70
837; 66
844; 33
843; 43
847; 26
848; 23
850; 8
845; 68
849; 31
851; 26
852; 31
855; 16
861; 2
853; 63
856; 51
854; 65
870; 42
867; 61
868; 70
858; 107
878; 37
873; 79
862; 126
875; 62
871; 100
857; 154
869; 141
884; 39
860; 183
887; 55
876; 124
865; 196
886; 67
866; 185
885; 92
863; 230
864; 245
903; 20
897; 86
881; 167
889; 136
877; 204
891; 137
874; 223
898; 114
900; 96
902; 66
872; 267
899; 119
882; 198
892; 180
907; 48
905; 65
901; 123
894; 178
896; 178
883; 224
915; 42
888; 249
880; 301
921; 34
893; 245
859; 415
913; 92
906; 123
914; 95
931; 57
926; 108
937; 70
933; 92
918; 151
890; 362
929; 126
911; 221
952; 27
924; 167
895; 363
947; 93
942; 120
904; 308
917; 225
912; 274
930; 199
928; 210
935; 194
960; 55
925; 252
920; 259
908; 332
879; 528
938; 189
944; 180
909; 354
945; 179
916; 317
927; 272
936; 234
922; 297
972; 4
910; 388
946; 227
962; 116
923; 334
932; 301
919; 352
953; 194
963; 121
965; 114
948; 235
934; 300
943; 278
958; 183
949; 254
967; 133
950; 248
957; 203
940; 311
954; 228
971; 93
966; 164
964; 170
969; 119
975; 67
959; 207
941; 327
951; 270
956; 249
981; 26
961; 201
939; 342
976; 70
980; 34
968; 173
974; 98
973; 111
955; 273
977; 97
983; 30
982; 51
970; 165
984; 21
979; 84
978; 111
989; 59
997; 31
986; 66
999; 23
995; 49
988; 78
985; 85
998; 50
990; 88
996; 68
987; 97
992; 84
993; 77
991; 109
1000; 70
994; 117
2; 2
4; 22
7; 33
5; 53
3; 66
1; 81
10; 38
13; 30
12; 36
6; 83
9; 51
15; 41
8; 93
14; 44
18; 3
16; 34
11; 82
17; 54
19; 37
21; 60
22; 67
20; 69
26; 33
24; 62
23; 68
25; 42
29; 36
27; 49
31; 34
28; 73
30; 55
37; 36
32; 80
34; 73
41; 44
35; 86
39; 85
44; 31
46; 37
38; 108
45; 62
42; 98
47; 78
36; 153
49; 70
43; 111
52; 52
48; 95
56; 9
53; 53
40; 153
33; 187
54; 75
50; 95
59; 13
60; 21
51; 114
55; 74
62; 24
57; 63
67; 21
58; 89
64; 49
63; 55
69; 35
61; 74
66; 58
71; 41
65; 72
70; 72
74; 23
76; 17
72; 56
75; 41
78; 23
80; 22
86; 16
73; 73
85; 29
68; 132
82; 60
92; 29
91; 44
79; 109
89; 61
77; 115
87; 102
93; 68
88; 84
90; 82
94; 49
84; 134
83; 136
97; 54
95; 59
102; 29
101; 31
96; 73
81; 177
98; 62
105; 23
106; 27
103; 61
114; 19
100; 95
99; 96
111; 32
108; 64
112; 52
104; 104
116; 56
118; 41
110; 80
109; 89
113; 79
115; 96
119; 66
126; 11
120; 70
107; 142
117; 101
123; 57
130; 19
124; 60
121; 92
125; 69
122; 79
131; 23
129; 57
128; 72
127; 81
132; 43
137; 24
140; 12
133; 59
138; 55
136; 65
135; 71
139; 58
141; 47
134; 110
143; 49
145; 52
144; 60
142; 82
146; 64
151; 2
147; 61
153; 9
154; 12
148; 60
150; 35
155; 27
149; 65
160; 7
157; 34
152; 62
158; 35
156; 105
159; 83
164; 54
168; 38
167; 49
173; 4
162; 72
166; 65
169; 48
161; 91
175; 22
174; 31
170; 55
171; 53
163; 115
165; 111
176; 42
172; 79
177; 76
180; 45
184; 5
179; 62
182; 23
178; 78
183; 31
186; 3
181; 59
185; 33
188; 25
189; 18
192; 3
187; 63
197; 21
194; 38
190; 61
191; 62
193; 66
195; 63
200; 18
196; 76
199; 31
198; 36
206; 5
202; 18
201; 68
203; 45
213; 13
208; 35
204; 59
209; 43
210; 49
207; 81
212; 56
215; 48
222; 35
216; 51
211; 108
205; 134
224; 59
229; 15
223; 76
225; 64
221; 93
219; 96
218; 98
214; 116
226; 73
228; 58
227; 72
217; 128
230; 52
231; 46
220; 157
238; 26
232; 79
233; 82
239; 46
241; 44
237; 62
236; 74
240; 61
244; 13
235; 104
243; 58
234; 131
242; 99
245; 73
247; 32
246; 50
248; 32
251; 19
249; 34
252; 31
253; 43
254; 29
256; 33
255; 68
260; 44
261; 49
264; 39
257; 83
259; 66
262; 58
270; 22
263; 59
258; 88
265; 59
266; 51
269; 48
250; 146
271; 32
267; 90
274; 48
278; 14
268; 91
277; 27
273; 75
276; 59
272; 78
275; 75
279; 17
281; 18
282; 32
280; 49
284; 22
283; 35
286; 14
285; 30
289; 8
287; 32
288; 37
291; 49
293; 38
292; 47
295; 39
290; 65
303; 2
297; 50
301; 31
304; 33
299; 75
294; 120
302; 69
296; 135
307; 56
306; 64
312; 68
313; 57
317; 17
310; 99
298; 153
305; 114
320; 17
309; 105
300; 144
308; 110
316; 67
314; 96
318; 45
311; 126
319; 50
315; 103
321; 65
326; 32
324; 65
323; 66
327; 38
333; 38
325; 106
335; 54
336; 72
330; 107
341; 53
329; 123
346; 40
328; 128
334; 94
354; 9
342; 76
338; 89
322; 194
351; 45
343; 101
347; 84
339; 135
348; 87
340; 138
355; 41
331; 193
345; 122
353; 84
356; 47
332; 188
352; 92
337; 171
357; 52
350; 130
358; 68
349; 148
344; 191
362; 55
359; 68
361; 78
366; 24
360; 122
364; 88
371; 41
368; 80
365; 103
367; 95
372; 71
369; 95
379; 52
370; 95
375; 92
363; 202
382; 79
387; 48
381; 101
380; 115
376; 133
377; 139
373; 159
386; 90
374; 160
383; 113
385; 103
388; 94
394; 38
393; 55
392; 61
397; 17
389; 103
391; 76
395; 33
378; 187
384; 147
390; 140
396; 90
402; 60
399; 70
406; 49
410; 50
403; 77
401; 87
405; 88
420; 23
398; 124
400; 122
408; 96
425; 8
418; 64
416; 83
404; 146
411; 153
415; 145
407; 203
419; 147
438; 57
442; 30
412; 216
434; 97
440; 69
421; 168
431; 121
444; 47
414; 250
430; 149
422; 205
437; 141
424; 193
443; 101
432; 160
426; 195
427; 197
450; 67
409; 286
441; 137
445; 102
453; 56
435; 179
451; 88
446; 98
429; 210
433; 205
439; 189
417; 298
413; 331
462; 31
423; 279
447; 152
428; 287
452; 143
466; 37
458; 96
456; 132
454; 139
436; 263
448; 182
449; 183
464; 69
470; 31
457; 140
461; 103
463; 92
460; 117
472; 30
459; 124
467; 76
465; 102
468; 79
473; 40
469; 85
477; 3
474; 39
476; 28
478; 19
471; 72
455; 212
475; 63
480; 45
483; 39
485; 34
481; 64
486; 54
482; 87
488; 58
491; 49
492; 54
487; 78
490; 63
484; 92
495; 36
499; 39
494; 67
479; 179
489; 110
502; 34
500; 71
505; 37
497; 89
493; 112
501; 64
496; 107
509; 46
498; 111
504; 76
508; 67
506; 79
503; 93
510; 67
516; 37
513; 59
511; 109
518; 74
522; 65
512; 109
507; 155
515; 108
517; 103
519; 93
525; 76
514; 124
527; 91
534; 34
524; 124
528; 120
526; 125
532; 97
537; 50
533; 101
538; 36
531; 112
521; 161
529; 136
520; 167
541; 30
523; 162
530; 141
543; 31
535; 102
542; 58
540; 65
539; 105
546; 53
545; 88
555; 60
550; 85
536; 194
567; 8
568; 13
560; 86
544; 172
558; 94
557; 99
547; 146
565; 55
549; 141
559; 100
563; 81
561; 93
564; 76
552; 143
551; 164
566; 62
569; 39
562; 113
554; 164
556; 164
572; 2
548; 193
553; 183
570; 34
571; 54
574; 36
575; 36
579; 10
577; 24
581; 16
573; 59
578; 40
576; 53
584; 13
588; 2
580; 70
586; 48
582; 77
587; 45
585; 55
590; 42
583; 82
589; 57
591; 51
592; 42
596; 42
594; 71
597; 55
600; 43
610; 19
612; 6
606; 48
602; 70
604; 72
593; 162
608; 84
619; 27
603; 119
613; 70
609; 109
618; 62
617; 80
605; 149
598; 199
607; 151
601; 190
621; 64
627; 42
614; 122
620; 102
624; 92
632; 60
633; 61
595; 269
615; 156
644; 16
626; 106
636; 63
599; 260
641; 42
639; 67
638; 71
630; 99
631; 101
622; 155
645; 35
611; 223
616; 189
637; 95
643; 63
628; 138
634; 122
625; 155
642; 72
635; 124
649; 11
629; 153
623; 190
640; 112
652; 34
657; 56
647; 117
653; 109
651; 122
646; 148
664; 61
655; 131
648; 176
656; 157
654; 163
658; 133
660; 123
674; 64
668; 106
665; 144
680; 48
675; 102
650; 237
661; 173
681; 58
678; 96
669; 143
672; 150
683; 73
677; 132
671; 158
667; 183
689; 60
676; 155
659; 237
691; 58
663; 226
682; 112
679; 128
670; 200
662; 256
693; 60
690; 106
666; 248
696; 78
698; 45
686; 138
692; 122
688; 137
704; 17
700; 59
694; 119
684; 193
702; 89
710; 43
699; 118
708; 57
712; 43
711; 58
707; 75
703; 117
697; 186
717; 38
673; 350
701; 155
720; 40
705; 114
709; 106
687; 257
719; 45
695; 221
716; 75
706; 121
685; 290
714; 82
713; 103
718; 89
715; 115
721; 54
725; 17
726; 15
722; 59
724; 50
727; 48
723; 79
731; 8
730; 37
728; 62
733; 20
735; 13
734; 33
729; 72
732; 47
738; 3
737; 18
736; 66
740; 25
743; 20
739; 36
742; 37
745; 38
741; 57
746; 37
744; 81
748; 8
749; 30
747; 49
751; 30
753; 35
752; 48
750; 60
756; 33
754; 56
755; 63
759; 46
761; 39
762; 29
758; 58
760; 77
757; 90
765; 64
763; 68
764; 68
767; 26
766; 56
769; 34
773; 1
770; 29
768; 71
771; 48
777; 12
775; 17
779; 7
774; 40
772; 57
781; 1
778; 20
782; 9
780; 26
776; 60
785; 16
784; 37
783; 57
786; 43
787; 63
788; 56
790; 60
791; 65
789; 78
794; 28
793; 47
799; 27
795; 42
798; 38
803; 6
796; 60
792; 96
800; 47
804; 18
797; 85
801; 66
810; 30
802; 72
806; 57
813; 5
805; 80
814; 36
809; 86
812; 76
811; 84
816; 44
817; 45
815; 56
807; 111
808; 110
818; 63
822; 21
820; 43
819; 83
821; 42
824; 19
823; 27
825; 56
831; 15
827; 48
829; 45
834; 26
837; 13
828; 64
836; 23
830; 64
835; 45
826; 95
833; 59
832; 82
839; 27
838; 48
843; 51
846; 35
840; 80
842; 82
848; 47
841; 89
844; 73
852; 34
847; 73
850; 53
845; 89
849; 79
853; 49
851; 71
854; 61
859; 6
856; 43
855; 49
860; 33
857; 46
858; 45
865; 16
862; 54
861; 89
863; 52
864; 39
867; 12
868; 33
870; 30
866; 69
873; 27
872; 31
874; 29
871; 42
869; 75
875; 40
878; 51
881; 39
885; 33
891; 4
883; 36
880; 67
894; 7
887; 51
884; 78
876; 124
890; 70
877; 127
882; 93
886; 85
892; 47
895; 42
889; 78
879; 131
896; 54
897; 78
893; 85
888; 132
898; 49
901; 41
904; 28
905; 16
902; 48
900; 64
906; 29
899; 77
908; 35
909; 26
910; 32
903; 107
911; 59
907; 107
913; 57
914; 52
912; 73
915; 60
918; 34
916; 75
919; 58
920; 69
929; 14
933; 12
922; 60
921; 75
934; 32
925; 67
926; 93
917; 171
944; 38
938; 96
930; 122
932; 115
924; 157
940; 97
931; 139
958; 20
923; 184
927; 176
948; 86
928; 187
937; 179
943; 147
955; 81
964; 33
967; 16
959; 79
953; 113
935; 215
945; 192
950; 177
947; 188
977; 34
952; 188
936; 273
954; 175
949; 206
961; 146
946; 242
951; 231
966; 135
976; 106
969; 148
970; 142
971; 144
960; 224
986; 35
973; 145
972; 154
939; 376
982; 103
956; 285
981; 113
941; 372
998; 30
962; 325
968; 281
985; 186
983; 197
996; 142
975; 275
997; 146
957; 413
984; 238
993; 195
999; 174
978; 322
965; 411
991; 241
979; 307
1000; 203
987; 332
963; 519
942; 667
990; 373
989; 416
974; 542
992; 453
995; 457
980; 649
988; 648
994; 938
3; 13
4; 8
2; 32
1; 57
5; 35
10; 1
11; 19
12; 18
8; 38
6; 52
7; 51
9; 46
15; 19
19; 9
17; 26
20; 15
14; 54
13; 83
22; 47
27; 10
18; 75
26; 12
24; 51
16; 96
21; 74
23; 66
25; 59
30; 20
28; 50
33; 17
29; 48
38; 18
32; 56
34; 46
35; 44
31; 83
36; 68
43; 22
41; 34
39; 50
44; 18
42; 48
46; 17
37; 98
40; 68
50; 20
45; 77
52; 35
58; 13
48; 63
57; 32
53; 47
49; 72
54; 55
55; 59
51; 82
59; 44
47; 108
56; 71
60; 55
64; 37
68; 5
62; 43
65; 50
71; 2
61; 71
70; 17
66; 56
73; 7
63; 77
67; 79
72; 53
83; 44
85; 25
74; 92
77; 81
76; 89
79; 93
82; 76
89; 36
86; 66
69; 158
84; 96
81; 112
78; 139
75; 147
90; 51
88; 97
87; 122
93; 44
80; 175
91; 88
94; 57
99; 14
92; 86
96; 54
100; 42
102; 34
106; 26
101; 45
95; 105
97; 95
108; 45
104; 62
98; 100
110; 31
103; 73
112; 19
105; 71
109; 48
115; 16
111; 48
107; 94
117; 21
114; 73
119; 36
113; 96
118; 62
116; 87
123; 15
121; 62
128; 1
124; 27
122; 75
127; 13
131; 2
125; 44
129; 34
120; 140
138; 32
134; 37
139; 52
130; 100
133; 110
136; 113
145; 38
141; 87
142; 79
137; 138
144; 68
126; 199
135; 162
146; 86
151; 85
162; 28
147; 130
159; 45
148; 129
132; 215
140; 188
153; 155
176; 37
155; 146
154; 169
161; 116
160; 127
187; 10
165; 107
164; 120
156; 154
172; 84
143; 257
166; 129
158; 172
169; 137
184; 80
173; 124
150; 259
152; 244
177; 120
179; 112
167; 164
183; 107
198; 72
174; 187
193; 98
178; 180
190; 111
194; 102
157; 275
170; 203
207; 50
212; 32
149; 371
180; 231
195; 166
181; 246
206; 99
171; 285
204; 144
201; 158
210; 132
186; 256
175; 307
202; 160
196; 206
203; 169
216; 100
214; 125
217; 103
221; 52
189; 256
191; 259
182; 328
188; 300
192; 274
205; 197
218; 105
168; 399
219; 102
208; 206
213; 183
197; 288
225; 84
224; 87
200; 276
233; 44
222; 110
226; 86
223; 128
229; 107
163; 500
240; 40
209; 277
242; 25
236; 61
220; 180
232; 111
238; 64
239; 60
231; 116
185; 422
215; 252
243; 51
227; 178
235; 112
199; 398
246; 6
241; 93
237; 127
234; 160
211; 358
228; 209
245; 48
248; 71
244; 102
249; 58
258; 5
247; 92
230; 270
253; 51
260; 8
259; 15
261; 13
250; 84
256; 65
263; 20
251; 93
252; 87
257; 71
254; 92
262; 35
255; 90
266; 62
270; 44
264; 88
267; 66
265; 71
271; 43
275; 34
273; 46
276; 1
272; 68
268; 94
279; 6
269; 97
274; 80
277; 46
281; 11
280; 29
286; 19
278; 90
289; 13
282; 63
283; 54
291; 35
285; 50
296; 17
290; 46
292; 46
294; 64
298; 51
284; 104
299; 54
287; 113
302; 64
301; 68
295; 95
293; 118
307; 48
304; 68
305; 68
288; 141
303; 72
300; 93
310; 9
297; 112
308; 50
306; 73
309; 51
311; 62
314; 33
313; 56
312; 63
316; 36
315; 50
320; 19
323; 15
317; 33
319; 43
327; 38
322; 74
331; 14
321; 79
318; 93
329; 49
325; 62
332; 37
334; 21
324; 85
335; 11
328; 78
336; 4
326; 87
330; 84
333; 59
341; 21
338; 41
337; 65
340; 57
342; 34
346; 32
345; 41
344; 46
347; 55
350; 25
339; 101
353; 47
343; 97
351; 61
349; 71
348; 97
352; 61
354; 55
356; 43
358; 46
357; 72
355; 77
361; 30
360; 73
359; 96
364; 68
370; 32
369; 40
363; 92
362; 111
367; 50
366; 64
376; 22
368; 72
373; 59
374; 61
371; 82
365; 139
375; 78
372; 99
378; 38
377; 70
382; 28
379; 63
381; 53
380; 77
383; 33
384; 32
385; 36
387; 46
389; 25
386; 64
388; 71
390; 62
392; 21
391; 49
394; 30
399; 13
397; 33
393; 73
403; 11
396; 71
405; 31
398; 77
395; 105
400; 62
407; 33
401; 71
404; 78
402; 94
408; 40
406; 77
412; 19
410; 51
411; 45
414; 34
409; 65
415; 41
413; 73
419; 50
422; 86
420; 101
430; 77
431; 76
429; 86
428; 88
416; 146
427; 107
424; 121
425; 122
421; 153
426; 124
423; 139
434; 73
436; 58
418; 176
417; 187
433; 120
440; 32
437; 91
442; 48
441; 60
432; 181
453; 3
445; 62
449; 68
447; 75
443; 96
458; 22
439; 141
446; 106
450; 92
452; 74
461; 44
459; 79
456; 95
435; 258
460; 91
451; 149
457; 104
444; 191
463; 89
455; 117
462; 93
438; 252
465; 80
466; 82
464; 93
472; 16
467; 85
448; 211
454; 157
471; 39
476; 4
470; 59
468; 105
473; 47
477; 16
469; 87
474; 56
481; 2
478; 33
485; 5
479; 51
475; 85
480; 60
490; 27
482; 72
492; 20
488; 44
484; 67
491; 41
483; 82
487; 63
486; 77
489; 65
493; 43
494; 60
502; 9
495; 70
503; 21
496; 73
498; 62
500; 63
497; 86
504; 50
499; 77
506; 47
511; 13
505; 71
514; 23
501; 114
512; 35
510; 50
513; 41
516; 1
509; 71
515; 21
507; 103
508; 103
519; 7
521; 12
517; 60
518; 65
520; 48
523; 49
524; 49
522; 89
525; 63
526; 46
528; 47
527; 71
530; 89
529; 96
536; 60
533; 69
532; 91
539; 65
540; 69
531; 121
535; 97
541; 65
537; 90
542; 76
538; 126
545; 67
534; 157
551; 48
543; 125
556; 40
544; 123
553; 50
561; 34
548; 115
562; 33
555; 61
554; 64
550; 100
552; 95
558; 83
566; 29
547; 162
549; 146
560; 96
559; 106
575; 39
569; 79
570; 85
557; 161
565; 103
567; 99
568; 109
571; 104
577; 68
563; 159
546; 250
579; 43
564; 157
585; 22
581; 64
592; 8
572; 133
573; 137
584; 70
583; 88
576; 175
598; 53
589; 106
602; 24
591; 91
606; 9
580; 164
605; 21
601; 45
599; 65
587; 140
574; 234
604; 51
586; 194
578; 269
607; 75
597; 159
588; 199
594; 167
600; 129
595; 173
603; 123
582; 246
590; 204
623; 41
610; 150
618; 119
616; 128
596; 232
628; 68
617; 161
631; 73
627; 134
636; 51
624; 154
611; 225
614; 211
620; 181
629; 141
619; 204
609; 264
622; 201
593; 363
639; 110
608; 295
646; 62
621; 239
657; 22
625; 232
613; 304
633; 188
648; 103
668; 7
662; 64
634; 239
637; 202
664; 76
652; 136
660; 104
630; 309
640; 225
667; 70
669; 61
642; 213
649; 183
615; 401
635; 284
645; 233
658; 159
644; 242
655; 172
632; 332
672; 78
666; 138
650; 211
647; 233
670; 114
643; 262
656; 193
651; 221
638; 300
676; 80
659; 204
663; 182
654; 231
653; 243
641; 316
665; 192
626; 457
678; 133
675; 158
682; 116
661; 245
681; 126
671; 210
612; 573
685; 135
690; 82
673; 220
679; 181
680; 205
699; 50
689; 154
688; 166
695; 108
686; 199
713; 14
691; 162
709; 34
703; 64
708; 46
696; 138
683; 256
684; 249
710; 56
700; 111
711; 51
702; 97
677; 304
687; 232
704; 98
716; 48
705; 120
715; 70
721; 39
698; 153
701; 158
697; 175
714; 93
707; 145
674; 382
720; 82
717; 104
693; 259
694; 235
706; 160
712; 125
692; 274
728; 3
722; 72
723; 55
718; 123
719; 119
726; 29
724; 63
727; 45
731; 11
725; 82
734; 30
732; 44
737; 42
730; 69
740; 60
744; 58
736; 94
733; 103
729; 116
750; 3
739; 97
747; 69
746; 73
741; 104
743; 102
738; 113
735; 132
751; 20
749; 57
748; 82
742; 136
745; 129
752; 44
755; 10
754; 49
753; 50
756; 49
757; 83
760; 91
764; 89
761; 140
766; 118
765; 133
772; 96
774; 90
775; 91
763; 163
758; 183
767; 134
776; 109
771; 143
759; 233
783; 118
773; 161
784; 111
785; 95
787; 95
781; 150
762; 245
778; 171
777; 189
797; 89
768; 242
769; 253
779; 208
786; 151
805; 49
807; 38
791; 149
782; 211
788; 156
811; 21
794; 150
800; 114
804; 99
795; 168
770; 307
796; 169
792; 179
799; 155
793; 188
801; 136
780; 281
817; 58
789; 219
790; 220
813; 124
802; 211
810; 176
815; 147
818; 156
825; 107
829; 66
809; 237
798; 316
816; 201
803; 273
823; 132
840; 42
827; 127
842; 40
844; 6
819; 210
822; 190
838; 81
828; 152
843; 58
849; 22
820; 240
836; 121
850; 49
841; 127
812; 335
851; 65
846; 85
830; 210
814; 346
821; 302
831; 223
806; 433
824; 304
832; 249
808; 434
845; 169
833; 247
855; 94
826; 320
854; 101
865; 34
839; 263
863; 66
837; 279
848; 199
858; 118
835; 308
856; 150
834; 321
861; 120
859; 131
852; 219
875; 24
847; 256
873; 56
853; 231
877; 37
868; 108
872; 75
867; 126
869; 103
864; 145
874; 63
862; 169
860; 171
884; 11
866; 153
882; 44
881; 59
870; 132
876; 108
857; 249
871; 144
880; 94
886; 42
883; 71
878; 125
887; 50
879; 117
891; 16
885; 63
893; 9
888; 98
890; 63
898; 10
894; 31
897; 24
892; 68
889; 77
902; 5
895; 52
896; 51
901; 39
900; 58
899; 87
905; 70
903; 76
909; 22
906; 69
904; 90
907; 58
911; 28
910; 34
908; 71
912; 38
914; 32
918; 17
913; 54
919; 14
916; 48
922; 5
915; 65
917; 57
921; 28
927; 3
925; 24
929; 9
920; 71
923; 55
926; 39
924; 67
933; 17
935; 21
928; 63
931; 38
932; 41
934; 48
930; 77
940; 24
941; 30
936; 68
938; 44
937; 77
950; 12
949; 27
939; 65
942; 69
955; 42
943; 93
953; 50
945; 113
948; 103
952; 85
944; 121
947; 112
957; 68
951; 93
960; 34
946; 138
956; 92
954; 95
958; 96
962; 55
961; 68
959; 97
964; 45
969; 13
965; 55
963; 64
966; 57
968; 51
971; 47
976; 12
984; 10
972; 44
967; 96
973; 50
977; 64
985; 66
988; 45
981; 78
997; 35
1000; 29
980; 128
974; 143
998; 48
975; 146
992; 74
970; 186
982; 140
994; 80
983; 166
999; 88
989; 141
987; 178
986; 181
979; 223
978; 232
995; 167
990; 205
996; 177
991; 212
993; 209
